# stan_version_major = 2
# stan_version_minor = 35
# stan_version_patch = 0
# model = hreg_model
# start_datetime = 2025-03-23 19:33:19 UTC
# method = sample (Default)
#   sample
#     num_samples = 1000 (Default)
#     num_warmup = 1000 (Default)
#     save_warmup = false (Default)
#     thin = 1 (Default)
#     adapt
#       engaged = true (Default)
#       gamma = 0.05 (Default)
#       delta = 0.8 (Default)
#       kappa = 0.75 (Default)
#       t0 = 10 (Default)
#       init_buffer = 75 (Default)
#       term_buffer = 50 (Default)
#       window = 25 (Default)
#       save_metric = false (Default)
#     algorithm = hmc (Default)
#       hmc
#         engine = nuts (Default)
#           nuts
#             max_depth = 10 (Default)
#         metric = diag_e (Default)
#         metric_file =  (Default)
#         stepsize = 1 (Default)
#         stepsize_jitter = 0 (Default)
#     num_chains = 1 (Default)
# id = 4
# data
#   file = /var/folders/43/wy_ws5nx3830gqhfw05n4yyc0000gn/T/tmpudzmvn9w/d_vbd1fl.json
# init = 2 (Default)
# random
#   seed = 52297
# output
#   file = /Users/zhafen/repos/citesim/analysis_data/stan_fits/stan_fit/h-SBERT_j.h-nondens/hreg-20250323143319_4.csv
#   diagnostic_file =  (Default)
#   refresh = 100 (Default)
#   sig_figs = -1 (Default)
#   profile_file = profile.csv (Default)
#   save_cmdstan_config = false (Default)
# num_threads = 1 (Default)
# stanc_version = stanc3 v2.35.0
# stancflags = --filename-in-msg=hreg.stan
lp__,accept_stat__,stepsize__,treedepth__,n_leapfrog__,divergent__,energy__,alpha,sigma,beta.1.1,beta.2.1,beta.3.1,beta.4.1,beta.5.1,beta.6.1,beta.7.1,beta.8.1,beta.9.1,beta.1.2,beta.2.2,beta.3.2,beta.4.2,beta.5.2,beta.6.2,beta.7.2,beta.8.2,beta.9.2,beta.1.3,beta.2.3,beta.3.3,beta.4.3,beta.5.3,beta.6.3,beta.7.3,beta.8.3,beta.9.3,mu_beta.1,mu_beta.2,mu_beta.3,sigma_beta.1,sigma_beta.2,sigma_beta.3,log_p
# Adaptation terminated
# Step size = 0.462414
# Diagonal elements of inverse mass matrix:
# 2.46444e-05, 1.64724e-05, 0.000148766, 0.000119086, 0.000130122, 0.000115205, 0.000136909, 0.000118962, 0.000160986, 0.000184375, 0.000157034, 0.000120518, 0.000142146, 0.000146939, 9.91343e-05, 0.000128471, 0.000134825, 0.000176205, 0.000128061, 0.000126425, 9.11146e-05, 0.000105332, 0.000123373, 0.000174202, 0.000165778, 0.000154877, 0.000112923, 0.000132076, 0.00013271, 0.00263432, 0.000846609, 0.000333493, 0.0795639, 0.0888766, 0.0905632
-34184.1,1,0.462414,3,7,0,34197.7,0.00395639,0.978866,0.180145,-0.0639808,0.252122,0.11007,0.273168,0.184041,0.0198844,0.0351766,0.215489,0.169752,-0.0525811,0.0970369,0.0716914,0.00752076,0.155445,0.0520841,0.142242,0.158949,-0.0254517,0.0424881,0.0698721,-0.0142177,0.0347765,0.017272,-0.0613679,-0.0136744,-0.00671787,0.12705,0.0636076,0.000954677,0.0777521,0.100418,0.0369637,-34546.8
-34186.3,0.616713,0.462414,3,7,0,34205.2,0.0060411,0.97881,0.182021,-0.0672377,0.249002,0.1076,0.272959,0.169004,0.0238958,0.0353186,0.214919,0.168338,-0.046185,0.0993188,0.0629531,0.0159407,0.153346,0.0457705,0.14108,0.167029,-0.0244124,0.0456686,0.0657164,-0.0129987,0.0229483,0.0143831,-0.0644191,-0.0160709,-0.0153268,0.148249,0.0724376,-0.00125661,0.123122,0.110059,0.0408343,-34534.8
-34185.7,0.819609,0.462414,3,7,0,34206.1,0.00263926,0.980557,0.176918,-0.0777092,0.228829,0.114955,0.283239,0.181199,-0.000647768,0.0187054,0.183564,0.152654,-0.0681495,0.0951833,0.08579,0.00757735,0.181655,0.0925724,0.150049,0.152652,-0.0170512,0.069057,0.0607504,-0.0180368,0.0155457,0.00831485,-0.084156,0.00928396,-0.00997921,0.128057,0.131663,0.0168822,0.161024,0.0700842,0.0539108,-34522.4
-34190.4,0.789337,0.462414,3,7,0,34207.9,0.00179474,0.976424,0.160249,-0.0829275,0.250564,0.105543,0.302539,0.192296,0.0182882,0.0364971,0.219728,0.131693,-0.0249943,0.0982012,0.0557735,-0.0263036,0.159705,0.0698866,0.145283,0.150925,-0.0184049,0.0314241,0.0689509,0.000654563,0.0481372,0.0200547,-0.0890287,-0.00382586,-0.0261434,0.123446,0.119606,-0.0239418,0.098465,0.126999,0.0527673,-34554.1
-34184.3,0.9978,0.462414,3,7,0,34200.1,0.0054636,0.976731,0.183804,-0.0794297,0.253646,0.0971416,0.303248,0.180918,0.020235,0.0432346,0.211787,0.132058,-0.0338266,0.0824784,0.0493717,-0.0226762,0.172337,0.0713203,0.150241,0.148267,-0.0159556,0.0333363,0.0630025,0.000776167,0.0361053,0.014752,-0.0844187,-0.024089,-0.0234074,0.134638,0.119317,-0.00549342,0.0957157,0.0799342,0.0493184,-34547.3
-34181.3,0.992735,0.462414,3,7,0,34195.4,0.00497008,0.982075,0.192197,-0.0631176,0.24554,0.13636,0.298008,0.170979,0.026688,0.0261738,0.197246,0.149704,-0.0316751,0.0932703,0.0601868,-0.00248839,0.171852,0.076278,0.134377,0.153473,-0.0165708,0.0350962,0.0478936,-0.00805085,0.016036,0.0205831,-0.0811496,-0.00341348,-0.0158298,0.11054,0.0767555,-0.021429,0.154746,0.059474,0.0494627,-34541.5
-34181,0.903316,0.462414,3,7,0,34197.6,0.00272084,0.978373,0.174621,-0.0584367,0.229413,0.0968224,0.269689,0.186812,0.0123075,0.0271596,0.221488,0.136462,-0.0722959,0.086845,0.079078,-0.0122397,0.16229,0.0763106,0.147789,0.138649,-0.0035595,0.0725501,0.0729845,0.00486073,0.0353449,0.00180793,-0.0830998,-0.00825455,-0.00426996,0.0911036,0.112032,0.0274839,0.117471,0.141099,0.0457288,-34507.2
-34183.6,0.772948,0.462414,3,7,0,34195.8,0.0029526,0.979685,0.174712,-0.0595852,0.229446,0.135305,0.296255,0.177966,0.0293191,0.0400929,0.207096,0.13588,-0.0765441,0.0914974,0.0747252,-0.00151901,0.172109,0.0981301,0.135005,0.155374,-0.0151145,0.0402503,0.0592214,-0.0107418,0.0444141,0.00615703,-0.0870094,0.00468915,-0.00636192,0.182973,0.105773,0.00298588,0.118228,0.0938547,0.058041,-34558.4
-34182.9,0.825121,0.462414,3,7,0,34204.9,0.00414147,0.980013,0.178769,-0.0643755,0.2252,0.126035,0.299835,0.181758,0.0249852,0.0445825,0.214892,0.135249,-0.0691848,0.107713,0.0638603,0.0062763,0.1692,0.0959968,0.132966,0.146503,-0.00560574,0.0456365,0.0622464,-0.0128288,0.0441768,0.000995142,-0.0885712,0.000529198,-0.0193645,0.15027,0.113592,0.00297819,0.10585,0.0790996,0.0693447,-34562
-34182.4,0.917593,0.462414,3,7,0,34199.2,0.00580713,0.974248,0.17828,-0.0622035,0.238512,0.114488,0.297178,0.189392,0.0122148,0.0304677,0.193929,0.145406,-0.0670901,0.109622,0.0583178,0.0110574,0.155051,0.0900041,0.137422,0.143762,-0.000331465,0.0410293,0.0456376,0.00123316,0.0337675,0.0128739,-0.098006,-0.00702567,-0.000899733,0.149523,0.0956353,0.00342805,0.125497,0.0885288,0.0421634,-34550.4
-34188.3,0.826222,0.462414,3,7,0,34201.4,0.000245818,0.982389,0.183645,-0.0623552,0.228351,0.104951,0.283305,0.191045,0.0263596,0.0427158,0.217187,0.126748,-0.0456569,0.105438,0.0764802,-0.0324431,0.166415,0.0654375,0.122172,0.156147,-0.0162587,0.0530508,0.0627732,-0.00924243,0.0284504,0.00474213,-0.06691,0.000257973,-0.0257291,0.250948,0.108149,-0.0254535,0.193514,0.115838,0.0571628,-34506.1
-34179.8,0.943858,0.462414,3,7,0,34199.6,0.00480571,0.978986,0.182765,-0.0602814,0.226541,0.113542,0.277118,0.179081,0.0289529,0.0337066,0.202864,0.148049,-0.0544484,0.097509,0.0664553,-0.00797592,0.156939,0.0661164,0.15872,0.151449,-0.0196445,0.0646923,0.067731,0.0170675,0.0471778,0.0065182,-0.0816336,-0.0102748,-0.0194998,0.127768,0.0712558,0.00119526,0.10291,0.089863,0.0997379,-34514.9
-34182.8,0.826981,0.462414,3,7,0,34194.5,0.00539383,0.975877,0.184866,-0.0653032,0.230793,0.111833,0.268073,0.185071,0.0309355,0.0163801,0.202711,0.134883,-0.0420697,0.0864753,0.0661257,-0.0135001,0.168171,0.0926718,0.154332,0.150491,-0.0376672,0.0437082,0.050439,-0.00338011,0.0397558,0.00363195,-0.0811242,-0.0261593,-0.0189791,0.13375,0.107635,0.00418425,0.0993732,0.0596655,0.0355771,-34502.9
-34188.1,0.844354,0.462414,3,7,0,34202.3,0.0014743,0.981427,0.180564,-0.0559487,0.227158,0.113759,0.291203,0.186542,0.01118,0.0479954,0.213911,0.143769,-0.0652366,0.0969838,0.081492,0.00571001,0.155138,0.0413738,0.121346,0.13691,0.00921914,0.0557765,0.0661934,6.73718e-06,0.0260922,0.0131558,-0.0544461,0.0145229,0.00517735,0.118634,0.0953698,0.00556467,0.122319,0.136072,0.0395776,-34519.5
-34189.3,0.988878,0.462414,3,7,0,34205.9,0.00571114,0.97634,0.189287,-0.078854,0.242202,0.102497,0.273172,0.178245,0.0229271,0.0131069,0.192086,0.133658,-0.0414786,0.082659,0.0585657,0.00239235,0.174306,0.0911314,0.162466,0.169486,-0.0378177,0.0404517,0.0499934,-0.00254428,0.0186575,0.0206504,-0.0846678,-0.0376492,-0.0258181,0.116798,0.0606316,-0.0010299,0.143768,0.0778719,0.0366551,-34512.6
-34183.7,1,0.462414,3,7,0,34204,-0.00159788,0.981191,0.180672,-0.0597958,0.248634,0.130576,0.292137,0.199399,0.0129583,0.0375782,0.228405,0.138411,-0.0611569,0.0870195,0.0566142,0.00628997,0.173328,0.0667565,0.14743,0.146935,-0.00190886,0.0528812,0.0467326,0.00273107,0.0195485,-0.0122885,-0.0782675,-0.0137564,-0.0149692,0.13995,0.14468,-0.0221426,0.0955606,0.0874094,0.0505307,-34567.9
-34185.3,0.87355,0.462414,3,7,0,34199.6,0.00251928,0.978907,0.179455,-0.0742001,0.226279,0.103818,0.282719,0.160059,0.0194426,0.0139184,0.190034,0.146354,-0.0439025,0.0895403,0.0775622,-0.0157822,0.16798,0.089541,0.145718,0.132476,-0.0249757,0.0447755,0.0725887,-0.0100827,0.0408989,0.0314879,-0.0757284,0.0054363,-0.0074918,0.144806,0.0181067,0.021021,0.186417,0.0890503,0.0445782,-34487.4
-34182.3,0.885357,0.462414,3,7,0,34199.8,-0.00191782,0.978059,0.185367,-0.0618831,0.234085,0.120202,0.279773,0.197438,-0.00169684,0.0116295,0.215163,0.142354,-0.0464088,0.10171,0.061574,-0.00544155,0.18478,0.074224,0.141282,0.140149,-0.0220438,0.063262,0.0653143,0.0144416,0.0181877,0.0194507,-0.0765878,-0.0102751,-0.0169217,0.157888,0.0822048,-0.00275719,0.137439,0.135938,0.0379819,-34541
-34183.6,0.976764,0.462414,3,7,0,34193.9,0.00675429,0.979064,0.181001,-0.0589361,0.242772,0.115156,0.291924,0.173271,0.0283978,0.0505387,0.198951,0.139068,-0.0659165,0.0953712,0.0799567,0.00836629,0.154156,0.0698336,0.137294,0.138138,-0.0064,0.0474429,0.0610734,-0.0100323,0.0340624,0.0129567,-0.0659527,-0.022926,0.0127464,0.169658,0.0961032,0.0111545,0.151324,0.0458999,0.0512482,-34526.9
-34188.5,0.766605,0.462414,3,7,0,34206.1,0.00920407,0.978779,0.180654,-0.0589576,0.247568,0.123339,0.294324,0.1899,0.0254787,0.0462136,0.200602,0.144191,-0.0593667,0.102139,0.0721492,0.00900029,0.158014,0.0643523,0.129457,0.134656,-0.00343356,0.0465442,0.0662359,-0.00533426,0.0281574,0.0140149,-0.0575425,-0.0130207,0.0168256,0.179065,0.0964753,0.0210252,0.175784,0.0424515,0.0719342,-34546
-34194.5,0.503158,0.462414,3,7,0,34215.3,-0.00019973,0.972729,0.173027,-0.0550104,0.243089,0.115727,0.303761,0.202446,0.0168056,0.0478929,0.203565,0.145513,-0.0544142,0.0819905,0.0671227,0.0144126,0.155999,0.0838389,0.129001,0.130105,-0.00751703,0.0665473,0.0740945,-0.0151022,0.00921788,0.028513,-0.0536134,-0.01672,-0.0156457,0.133856,0.113996,0.0432901,0.182204,0.0654987,0.0802823,-34556.1
-34188.1,0.939843,0.462414,3,7,0,34213.3,0.000950339,0.979339,0.171655,-0.0823117,0.205659,0.13044,0.284969,0.174194,0.0156504,0.0362201,0.224032,0.139695,-0.0577005,0.102991,0.0790747,0.00468679,0.139035,0.0732235,0.157874,0.137517,-0.0158035,0.0621861,0.0548006,-0.00150382,0.0170512,0.00453319,-0.0838296,-0.0275923,0.00483517,0.13645,0.0866226,0.0105452,0.156031,0.111097,0.0432878,-34523.5
-34183.9,0.813913,0.462414,3,7,0,34207.5,-0.000223617,0.975641,0.173929,-0.0717702,0.21198,0.131311,0.287271,0.186993,0.0189928,0.0320068,0.216148,0.144817,-0.0535791,0.105641,0.0726388,0.000272175,0.147336,0.0687679,0.156677,0.131105,-0.021224,0.0617715,0.0556238,0.00898643,0.0246506,0.0119039,-0.0827251,-0.0307086,-0.00447447,0.152567,0.0773857,0.0190253,0.199185,0.0925942,0.04968,-34534.2
-34185.2,0.976787,0.462414,3,7,0,34197.4,0.00563415,0.977569,0.192909,-0.0546892,0.257754,0.0990028,0.28622,0.175629,0.0158008,0.0203989,0.215025,0.127492,-0.0503232,0.0798617,0.0625165,-0.0221064,0.18504,0.0784247,0.127844,0.153061,0.00123525,0.0391708,0.0651617,-0.0116311,0.0348562,0.0166853,-0.0643182,0.032433,-0.00904083,0.135594,0.0803783,-0.0038569,0.0866557,0.06523,0.04024,-34537.5
-34189.1,0.834766,0.462414,3,7,0,34200.8,0.00102499,0.980092,0.165702,-0.076259,0.227304,0.134121,0.282491,0.193081,0.0161548,0.0272664,0.203024,0.149249,-0.064665,0.11102,0.0734713,0.00261943,0.149798,0.0699014,0.154418,0.135922,-0.030294,0.0555738,0.0593282,0.00673562,0.0184781,0.0028406,-0.0887552,-0.0437885,-0.0123805,0.130832,0.0989908,0.0353002,0.175242,0.0797067,0.0611423,-34524.7
-34183.6,0.870291,0.462414,3,7,0,34205.4,-0.000260314,0.981362,0.179432,-0.0718874,0.213623,0.107297,0.271325,0.19127,0.013472,0.0329819,0.210755,0.123381,-0.0609191,0.0840016,0.0626337,-0.0113961,0.165455,0.0821994,0.147612,0.144474,-0.0317288,0.0504138,0.048674,-0.00863749,0.0244213,0.0155407,-0.0699927,-0.016101,-0.00705198,0.122327,0.126559,-0.0117516,0.0756857,0.0830094,0.0421947,-34475.6
-34179.9,0.832831,0.462414,3,7,0,34199.8,-0.00189651,0.975645,0.177184,-0.056978,0.241641,0.097814,0.291299,0.178035,0.0207971,0.0331087,0.218938,0.15198,-0.0525118,0.0719393,0.0801118,-0.0109497,0.181695,0.0641001,0.139294,0.153047,-0.00996371,0.046995,0.0566402,0.00772686,0.0382707,0.00414047,-0.077089,-6.84688e-06,-0.0051735,0.1369,0.129169,0.0204062,0.146979,0.0882408,0.0620005,-34544.4
-34183.7,0.740106,0.462414,3,7,0,34203,0.00847844,0.982168,0.190997,-0.0554851,0.241036,0.125398,0.260973,0.1924,0.00766963,0.0257425,0.211512,0.118863,-0.0674587,0.0979972,0.0586299,-0.00162782,0.164252,0.0721426,0.149844,0.128568,-0.0039692,0.0535138,0.0633862,-0.0205163,0.0386871,0.00436338,-0.0682912,-0.0116353,-0.0154576,0.126278,0.0951932,0.0163838,0.0981456,0.122219,0.0473478,-34499.9
-34185.4,0.79222,0.462414,3,7,0,34204.1,-0.0016082,0.974895,0.174599,-0.0637253,0.240653,0.11619,0.304167,0.163656,0.0193041,0.0204726,0.204986,0.167782,-0.0640335,0.0742661,0.0774253,-0.02084,0.178059,0.0802923,0.156637,0.149327,-0.0281777,0.0682063,0.0522933,0.00488918,0.0348669,0.0192873,-0.0838984,-0.00675581,0.0119303,0.139078,0.104813,-0.0103563,0.140065,0.0720081,0.0535944,-34570.8
-34186.3,0.973568,0.462414,3,7,0,34201.6,0.00887105,0.983332,0.183479,-0.0735563,0.229685,0.114898,0.26897,0.185802,0.011007,0.0195686,0.203756,0.113297,-0.0446296,0.100988,0.0588601,0.00482543,0.15684,0.0822782,0.126377,0.141408,0.000548661,0.0384173,0.0665484,-0.0136043,0.0275003,0.0153412,-0.0847063,-0.0047953,-0.0245288,0.0527091,0.0402896,0.0128904,0.164554,0.114408,0.0467403,-34473.8
-34188.6,0.974694,0.462414,3,7,0,34205.6,0.0039216,0.979471,0.183736,-0.0584541,0.207332,0.0939064,0.290578,0.191382,0.0114033,0.00997955,0.204356,0.125965,-0.0442798,0.112148,0.0701773,0.00724933,0.150228,0.0741998,0.12929,0.150092,-0.00582569,0.023255,0.0794197,-0.0123929,0.0282661,0.00876106,-0.0732796,-0.0027205,-0.0134121,0.135317,0.0350326,-0.011144,0.154249,0.0989859,0.0337716,-34491.9
-34186.1,0.797823,0.462414,3,7,0,34209.3,0.00233455,0.978558,0.171752,-0.0822938,0.222049,0.136752,0.287242,0.185909,0.0211736,0.0527617,0.214574,0.148005,-0.0654501,0.0807795,0.0780801,-0.0129547,0.180783,0.0840164,0.131337,0.15205,-0.00523124,0.0577107,0.0350833,0.0126163,0.0185105,0.0217954,-0.0665296,0.000567342,-0.00921172,0.156539,0.0601265,0.00138758,0.138917,0.0920395,0.041178,-34546.3
-34187,0.934678,0.462414,3,7,0,34204.2,0.00455617,0.978924,0.190155,-0.0451558,0.26966,0.0895929,0.293462,0.178009,0.0164815,0.0135004,0.219325,0.136389,-0.042709,0.0986763,0.0598635,-0.00427814,0.170259,0.0856229,0.13582,0.130836,-0.0238598,0.0448971,0.0721634,-0.00819928,0.0409258,0.0164023,-0.0924754,-0.0226201,-0.014089,0.123031,0.109941,0.00816828,0.105125,0.0827686,0.0487243,-34551.3
-34183.4,0.996543,0.462414,3,7,0,34199.6,0.0042138,0.978982,0.185985,-0.0507487,0.219698,0.117249,0.278514,0.169245,0.020083,0.0450597,0.20521,0.150535,-0.060826,0.0721695,0.0808013,-0.00904584,0.188686,0.0680055,0.151965,0.156329,-0.0120354,0.0370029,0.0782662,0.0107751,0.0293364,0.00707188,-0.0701276,0.00603743,-0.00206382,0.167846,0.0982041,0.0351036,0.15009,0.0830176,0.0691603,-34520.2
-34185.2,0.868688,0.462414,3,7,0,34201.9,0.00398736,0.977831,0.180825,-0.053932,0.257327,0.113083,0.288887,0.168013,0.0191895,0.0274048,0.188762,0.139711,-0.0354552,0.107464,0.0543737,0.00515706,0.18459,0.0820349,0.153446,0.160283,-0.0149969,0.0536679,0.0396266,-0.01287,0.0312484,0.0152465,-0.0708774,-0.0166195,-0.0130572,0.109338,0.116791,0.0236521,0.07897,0.124379,0.0461015,-34534.9
-34184.2,0.741969,0.462414,3,7,0,34206.9,-0.000336399,0.977712,0.188623,-0.057435,0.255271,0.111765,0.287102,0.169827,0.0286787,0.0207836,0.186856,0.13255,-0.042981,0.10562,0.0524926,0.00088911,0.173291,0.0726262,0.15882,0.154136,-0.0102397,0.0559669,0.0277857,-0.00769038,0.0283838,0.0209606,-0.0786687,-0.0176822,-0.00835626,0.14034,0.128483,0.029845,0.10201,0.0969935,0.0512909,-34522.3
-34180,0.979982,0.462414,3,7,0,34195.5,0.00612317,0.978895,0.178881,-0.073238,0.236068,0.119665,0.276762,0.194147,0.0119506,0.0168121,0.215163,0.140888,-0.0586487,0.0627998,0.0676909,-0.0219317,0.162634,0.0773548,0.147071,0.15769,-0.0101588,0.0464448,0.0682336,-0.000606293,0.0453407,0.00966047,-0.0672291,0.00178358,-0.0152494,0.120274,0.0700159,-0.0159986,0.110643,0.0660483,0.0323529,-34525.8
-34180,0.159632,0.462414,3,7,0,34204.8,0.00612317,0.978895,0.178881,-0.073238,0.236068,0.119665,0.276762,0.194147,0.0119506,0.0168121,0.215163,0.140888,-0.0586487,0.0627998,0.0676909,-0.0219317,0.162634,0.0773548,0.147071,0.15769,-0.0101588,0.0464448,0.0682336,-0.000606293,0.0453407,0.00966047,-0.0672291,0.00178358,-0.0152494,0.120274,0.0700159,-0.0159986,0.110643,0.0660483,0.0323529,-34525.8
-34184,0.791314,0.462414,3,7,0,34195.8,0.00446079,0.979841,0.187343,-0.0794206,0.243553,0.128739,0.292484,0.183248,0.0176664,0.00514306,0.21444,0.133245,-0.0792254,0.0687128,0.0565046,-0.0165964,0.154557,0.0844142,0.146457,0.15214,-0.0223058,0.0405005,0.0532958,-0.00352341,0.0467903,0.0104263,-0.0716066,-0.016837,-0.0202702,0.0779075,0.0826917,-0.00211244,0.137245,0.0741496,0.0345164,-34547
-34187,0.714644,0.462414,3,7,0,34203.7,0.000135242,0.978209,0.176576,-0.0548594,0.247022,0.117529,0.286584,0.199215,0.00560966,0.0368741,0.207628,0.11726,-0.0371567,0.101411,0.0561721,-0.0190808,0.154167,0.0684441,0.149275,0.139484,-0.0194422,0.0716085,0.0679728,-0.0232861,0.0224502,0.0198514,-0.0768166,0.00612004,-0.0134465,0.188263,0.0592304,-0.00166851,0.170746,0.0763127,0.0597864,-34519.8
-34184,0.982116,0.462414,3,7,0,34200,0.00411595,0.980733,0.19049,-0.0670018,0.233602,0.114974,0.285301,0.167662,0.027462,0.0178525,0.216032,0.155674,-0.07271,0.073258,0.0782063,-0.00175489,0.173505,0.0869004,0.134118,0.150999,-0.00394285,0.0290029,0.0485545,0.0172643,0.0294141,0.00895108,-0.0860018,-0.0115429,-0.0105015,0.095881,0.121588,0.0189934,0.125961,0.097243,0.0485272,-34537.1
-34186.8,0.812238,0.462414,3,7,0,34206.6,0.00374209,0.976218,0.184391,-0.0674896,0.227151,0.0967187,0.284554,0.189631,0.00945806,0.0236185,0.20738,0.126147,-0.0408942,0.106703,0.0603576,-0.0174539,0.165828,0.0890333,0.159189,0.137858,-0.0216979,0.0781198,0.0895524,-0.0201287,0.0388097,0.0222287,-0.075029,-0.00935526,-0.00801697,0.163136,0.070783,-0.00020797,0.133177,0.0717284,0.0477624,-34528.5
-34188,0.926708,0.462414,3,7,0,34210,0.00356778,0.977758,0.182644,-0.056122,0.241028,0.129683,0.281494,0.17362,0.0296378,0.0405249,0.209739,0.147902,-0.0575535,0.0657419,0.0737397,0.0034571,0.170208,0.056497,0.133521,0.149436,-0.0148327,0.0273581,0.0261598,0.0141176,0.0173738,0.00727243,-0.0813419,0.00727692,-0.0113313,0.185703,0.114085,-0.018529,0.202438,0.0848999,0.0368613,-34517.2
-34190,0.959366,0.462414,3,7,0,34204.5,0.00340848,0.981099,0.180651,-0.068107,0.233651,0.107553,0.29269,0.190604,0.00249546,0.00562602,0.215932,0.13987,-0.0453084,0.109046,0.0565666,-0.00599988,0.17622,0.0986033,0.161104,0.134827,-0.0116456,0.0755063,0.0895985,-0.00630762,0.0391532,0.0132426,-0.0759914,0.0103021,-0.0103543,0.0817267,0.0640545,0.034612,0.0853604,0.0759154,0.0510633,-34557.9
-34187.4,1,0.462414,3,7,0,34205.1,0.000418654,0.977878,0.181459,-0.071171,0.219863,0.121502,0.273395,0.191214,0.00795091,0.001181,0.207514,0.149842,-0.0609504,0.107881,0.0674738,0.00572756,0.169785,0.0897422,0.176016,0.151643,0.00220455,0.0678388,0.0836654,-0.0102475,0.028851,0.0261092,-0.0785715,0.00915936,-0.0137216,0.153795,0.0779863,0.0380044,0.127064,0.098057,0.0746177,-34553.9
-34191.6,0.838769,0.462414,3,7,0,34211.3,-0.000914884,0.977865,0.166157,-0.0520789,0.217038,0.120446,0.276713,0.188919,0.00733118,0.00405144,0.20463,0.148753,-0.0645114,0.111745,0.0671324,0.00322076,0.168853,0.0893467,0.178652,0.148427,0.00480724,0.0728292,0.0739707,0.000272998,0.0288598,0.0348573,-0.0806901,0.00698369,-0.0187381,0.135556,0.0890844,0.0515006,0.124234,0.0975756,0.100153,-34536.2
-34186.1,0.850918,0.462414,3,7,0,34211.5,0.00779804,0.979737,0.192647,-0.0727415,0.258076,0.10997,0.292701,0.175783,0.0251804,0.0438999,0.205673,0.12765,-0.0502708,0.0715788,0.0624688,0.00368483,0.165809,0.0572535,0.118036,0.145656,-0.0246356,0.0412852,0.0382622,-0.002178,0.0152513,-0.0035973,-0.0786241,0.00199806,0.00470617,0.096871,0.0832886,0.0217367,0.118924,0.11693,0.0452659,-34516.5
-34184.7,0.997861,0.462414,3,7,0,34201.7,-0.00226765,0.977081,0.181105,-0.0744124,0.238815,0.118435,0.263781,0.180954,0.0171843,0.0390669,0.205093,0.153605,-0.0681497,0.0988539,0.0755208,0.00312614,0.189335,0.0652238,0.145514,0.152227,-0.0168287,0.0695174,0.0475335,-0.00352427,0.0403263,0.00606297,-0.076621,-0.0148892,-0.0259687,0.194336,0.0820561,-0.0238554,0.128287,0.0696722,0.0382323,-34535.8
-34184.2,0.969566,0.462414,3,7,0,34197.2,-0.00531341,0.978296,0.174153,-0.0816118,0.247173,0.112252,0.271148,0.187519,0.0169368,0.0454527,0.195245,0.156539,-0.0518829,0.0879458,0.0773817,-0.00486965,0.18455,0.0698109,0.150495,0.163708,-0.0109453,0.0527988,0.0559645,0.00890701,0.0266502,0.00541969,-0.0884694,-0.00777566,-0.0307593,0.16843,0.0955571,-0.00853255,0.140169,0.0716004,0.041424,-34532.1
-34188.1,0.895491,0.462414,3,7,0,34204,0.0109706,0.980157,0.19116,-0.0627159,0.241148,0.106721,0.287884,0.182388,0.014849,-0.00290285,0.232166,0.131486,-0.0296985,0.104155,0.0594581,0.00277473,0.181596,0.07443,0.16269,0.137115,0.00726271,0.0335925,0.0564771,0.0015165,0.0265337,0.0138691,-0.0500817,-0.0102279,-0.00535798,0.0802296,0.0873334,0.0182611,0.134719,0.0785168,0.0311862,-34551.4
-34187.9,0.866209,0.462414,3,7,0,34207.5,-0.00242693,0.982518,0.177873,-0.0695061,0.244044,0.119823,0.278206,0.183005,0.0187001,0.0617485,0.191595,0.143784,-0.0686796,0.0773742,0.0809878,-0.0153168,0.149421,0.0741622,0.122821,0.154044,-0.0296866,0.0538225,0.0480731,-0.00414219,0.0259145,0.013742,-0.097664,0.00238735,-0.00983824,0.184151,0.115089,0.0102782,0.124701,0.0921998,0.0426227,-34496.3
-34186.7,0.79337,0.462414,3,7,0,34209.8,0.00934171,0.976827,0.180889,-0.0736054,0.221162,0.134559,0.289703,0.208503,0.0102805,0.0368537,0.203456,0.149664,-0.0535013,0.107889,0.0766606,-0.0164125,0.151448,0.0721788,0.12664,0.142462,-0.0298746,0.0688042,0.052372,-0.0030957,0.0434238,0.0019578,-0.0853166,0.0041109,0.00324815,0.142777,0.0829016,0.00341647,0.0972345,0.115532,0.0581316,-34550.2
-34187,0.935635,0.462414,3,7,0,34201.6,-0.00176125,0.978041,0.179338,-0.0559623,0.240236,0.0902568,0.281778,0.153484,0.0253214,0.021716,0.221746,0.13698,-0.0601397,0.0731084,0.0553601,-0.00315211,0.161504,0.0795375,0.166026,0.140616,-0.00112966,0.039645,0.0787835,-0.013196,0.0298443,0.0307903,-0.067455,-0.0100632,-0.0197603,0.113963,0.0677792,0.0260008,0.134671,0.0635628,0.0447683,-34507.7
-34188.6,0.928077,0.462414,3,7,0,34203.5,0.00818375,0.979547,0.175207,-0.0532425,0.237074,0.121868,0.279175,0.215621,0.000402638,0.0285156,0.200038,0.126511,-0.0541478,0.0949683,0.0762707,0.00784276,0.170399,0.0719967,0.144349,0.13198,-0.0183107,0.0727339,0.0497072,-0.00611117,0.0190565,-0.00532038,-0.0676528,-0.00843348,0.0100949,0.141955,0.0920696,-0.00685248,0.0835702,0.134896,0.0385103,-34513.8
-34186,0.860632,0.462414,3,7,0,34213,0.00205027,0.979814,0.188195,-0.0759361,0.239731,0.104733,0.294202,0.154874,0.0233464,0.0193807,0.224906,0.146465,-0.058036,0.0840049,0.0529365,-0.0194876,0.170204,0.0770343,0.137404,0.157268,-0.0177743,0.0257441,0.0686912,0.00239579,0.0403784,0.0343127,-0.0895261,0.000240429,-0.0252696,0.138981,0.0931025,0.00694122,0.191022,0.0871747,0.0496369,-34546.4
-34185.4,1,0.462414,3,7,0,34199.5,0.00274972,0.97971,0.185088,-0.0794806,0.244865,0.109702,0.296217,0.158427,0.017098,0.0287125,0.221675,0.149679,-0.0607425,0.0802794,0.0567651,-0.0154207,0.169833,0.0788993,0.146334,0.160322,-0.0269059,0.0330293,0.0670173,0.00799517,0.0432966,0.0362082,-0.0826043,6.0796e-05,-0.0277779,0.179754,0.101054,-0.00872182,0.198076,0.0811874,0.0549213,-34558.8
-34182.3,0.972386,0.462414,3,7,0,34198.1,0.00412072,0.977791,0.171949,-0.058851,0.232387,0.127397,0.293953,0.20307,0.0167385,0.0231703,0.204249,0.128813,-0.042969,0.0968283,0.0751229,-0.0170556,0.172616,0.0687437,0.138946,0.137447,-0.00228499,0.0600054,0.0564475,0.000821523,0.0272566,-0.00850293,-0.0730241,0.0081756,-0.00617627,0.104786,0.0220839,0.00639456,0.0850473,0.120601,0.0531766,-34528.5
-34182.7,0.896327,0.462414,3,7,0,34199.9,-0.00270462,0.976529,0.170496,-0.0663767,0.224672,0.115868,0.29837,0.207184,0.0017551,0.0414705,0.208877,0.142473,-0.0421018,0.0714519,0.0751623,-0.00411741,0.181712,0.0775334,0.139349,0.14734,-0.0206325,0.0501996,0.0552734,0.000558138,0.0296839,-0.00407073,-0.075609,-0.00231493,-0.0262949,0.139752,0.0829189,0.00306014,0.112186,0.11293,0.0424261,-34538.3
-34184.6,0.749731,0.462414,3,7,0,34206.8,3.18777e-05,0.976906,0.16719,-0.0750576,0.21469,0.118596,0.299016,0.195066,0.00477592,0.0460025,0.215863,0.136909,-0.0462597,0.0849586,0.0676624,-0.00227907,0.183472,0.0825786,0.145393,0.145184,-0.0262306,0.0639367,0.0586696,0.00482437,0.0351112,-0.00186817,-0.0731538,0.00404709,-0.024718,0.13618,0.0519157,0.00182414,0.0805758,0.101115,0.0417315,-34543.3
-34186.2,0.825419,0.462414,3,7,0,34206.8,0.00674742,0.977931,0.188536,-0.0626113,0.257481,0.114958,0.277086,0.169206,0.0265498,0.0175798,0.210492,0.127838,-0.0395742,0.0900092,0.0604609,0.00426006,0.156733,0.0634926,0.13404,0.143506,0.0152132,0.0237194,0.0594184,-0.0172224,0.0105486,0.0178674,-0.0868009,-0.00161521,0.00346947,0.123291,0.0769693,0.0037603,0.184667,0.0706618,0.0439652,-34515.2
-34178.7,0.982457,0.462414,3,7,0,34197,0.00258137,0.979288,0.189938,-0.0427966,0.247047,0.107786,0.294064,0.181129,0.0142046,0.0275159,0.216837,0.135342,-0.0639836,0.0708222,0.0796086,-0.000445746,0.15733,0.0805541,0.138839,0.135435,-0.0208895,0.0657465,0.0560947,0.0132053,0.0331186,0.00592864,-0.0761683,-0.0238813,-0.012774,0.0788355,0.0777515,0.00932048,0.116387,0.0655049,0.0440304,-34531
-34179.2,0.708583,0.462414,3,7,0,34194.1,0.00058146,0.982398,0.193113,-0.0485087,0.235186,0.104084,0.290803,0.179942,0.0103455,0.0255662,0.222165,0.137366,-0.0601945,0.074351,0.0749442,-0.00498889,0.152725,0.0740936,0.145443,0.133733,-0.0106622,0.0614786,0.0518744,0.0141897,0.0424566,0.00738943,-0.0769179,-0.0213391,-0.00695145,0.101263,0.0797165,-0.00398427,0.104749,0.0615843,0.0490136,-34517.6
-34185.7,0.60711,0.462414,3,7,0,34199.6,0.00529216,0.978937,0.191144,-0.0728364,0.237121,0.102946,0.285229,0.173434,0.0215874,0.0329694,0.205186,0.133675,-0.0357078,0.0855229,0.0806541,0.00905384,0.154069,0.0792272,0.135387,0.138878,-0.0164704,0.0622255,0.0413829,0.0196682,0.0541385,0.00432538,-0.0783703,-0.00748783,-0.00279692,0.0935256,0.0827456,-0.00072521,0.0977422,0.0890349,0.0310786,-34512.2
-34185.2,0.826059,0.462414,3,7,0,34205,0.00540445,0.981814,0.174053,-0.0516456,0.241237,0.125758,0.295882,0.187401,0.0146671,0.0168925,0.212242,0.147468,-0.0736471,0.0968506,0.0488959,0.0040379,0.181284,0.0671698,0.146521,0.16059,-0.00958328,0.0378987,0.0761233,-0.0255296,0.0269791,0.0194669,-0.065888,-0.00182608,-0.0144009,0.144737,0.0438787,0.0130727,0.17956,0.0911762,0.0627383,-34561.6
-34188.5,0.527483,0.462414,3,7,0,34223.1,-0.000531385,0.98175,0.154334,-0.0672241,0.241358,0.116202,0.305127,0.176924,0.0190616,0.0118517,0.206067,0.1399,-0.073632,0.0858864,0.0430391,0.00268797,0.174293,0.062104,0.142321,0.166943,-0.00913834,0.0444418,0.0802082,-0.0194783,0.0331767,0.0236691,-0.0683805,0.00295977,-0.0218276,0.145557,0.0821984,0.013185,0.184248,0.0812972,0.0410636,-34540.8
-34196.8,0.700737,0.462414,3,7,0,34218,0.00388698,0.976219,0.203831,-0.0524382,0.223147,0.130162,0.292105,0.219278,0.0113974,0.0348007,0.192043,0.157584,-0.0402615,0.067046,0.0463831,-0.0169376,0.136076,0.0784971,0.141055,0.13605,-0.0190266,0.0577675,0.064541,0.0130977,0.0172207,0.019393,-0.0686478,-0.0168054,0.00315363,0.142662,0.0647704,0.03506,0.0946315,0.0686154,0.0717907,-34529
-34182.6,1,0.462414,3,7,0,34209.3,0.003326,0.980389,0.169439,-0.0608571,0.250902,0.113685,0.284466,0.16818,0.028828,0.0383154,0.219015,0.125699,-0.0486651,0.112604,0.0761353,-0.00470369,0.172264,0.0808598,0.133398,0.142376,-0.0135938,0.0431403,0.0367123,-0.0277005,0.0562456,0.00810191,-0.0764579,-0.00694662,-0.00989357,0.1421,0.0910202,0.00677968,0.113114,0.0673472,0.0479569,-34530.9
-34188.9,0.645622,0.462414,3,7,0,34207.8,0.0043253,0.97708,0.178558,-0.0552431,0.211822,0.103786,0.285833,0.152549,0.0214701,0.0282051,0.191978,0.145625,-0.0567156,0.0739724,0.0571023,-0.0110197,0.165181,0.0883373,0.152224,0.157871,-0.0225222,0.0687936,0.072789,0.00337904,0.0180717,0.0210837,-0.0828175,-0.0238087,-0.00395309,0.1257,0.153757,-0.0350423,0.0955449,0.126119,0.0623379,-34483.6
-34192.2,0.936373,0.462414,3,7,0,34206.8,0.00204854,0.980195,0.173324,-0.0520955,0.259837,0.129508,0.281952,0.195854,0.0150459,0.0249766,0.237947,0.124685,-0.0527729,0.0939682,0.074334,0.0178728,0.157367,0.0665271,0.149685,0.119752,-0.0150306,0.0390627,0.0828779,0.00267542,0.0294511,0.026145,-0.0860901,-0.00512152,-0.0152057,0.137346,0.168038,0.0266246,0.12029,0.121343,0.0629491,-34563.2
-34188.6,1,0.462414,3,7,0,34207.9,0.00513511,0.97893,0.184347,-0.0667106,0.222874,0.107503,0.282267,0.19819,0.0175094,0.0262741,0.211838,0.139354,-0.0485676,0.078839,0.0864215,-0.00422053,0.158223,0.0532829,0.130154,0.128479,0.00169104,0.0447321,0.0513036,0.00177198,0.0158773,0.0180796,-0.0622486,-0.0282915,-0.0102285,0.0635885,0.201511,-0.00666951,0.155076,0.142929,0.0353504,-34492
-34194.1,0.514111,0.462414,3,15,0,34217.7,0.00246988,0.978193,0.189458,-0.0713216,0.240883,0.101526,0.291932,0.173274,0.0183889,0.0346382,0.212426,0.129147,-0.0643494,0.0582195,0.0559535,-0.00648427,0.192418,0.0916258,0.166716,0.16612,-0.013665,0.0447524,0.08269,0.00301611,0.032081,0.0289682,-0.0800158,0.00141813,-0.0137798,0.328527,0.145716,0.020388,0.197535,0.135379,0.0422614,-34558.8
-34184,0.995295,0.462414,3,7,0,34207.7,0.00426947,0.978966,0.173891,-0.062684,0.23787,0.125974,0.270564,0.192773,0.0189402,0.030891,0.209981,0.137262,-0.0541942,0.107748,0.0763428,0.00500062,0.152625,0.0832391,0.139589,0.135885,-0.0245787,0.0582713,0.0732211,0.00247673,0.0200595,-0.00721329,-0.0850882,-0.0222499,0.000664437,0.0863169,0.0464975,-0.0153208,0.190251,0.0602389,0.0570743,-34520.1
-34184.4,0.964744,0.462414,3,7,0,34200.1,0.00248762,0.982321,0.190013,-0.058983,0.238324,0.110149,0.300152,0.172021,0.0187921,0.035647,0.205157,0.143767,-0.0521997,0.0725915,0.0619618,-0.0182509,0.180184,0.0674114,0.157688,0.154001,0.00188993,0.0576015,0.0512742,-0.00295774,0.0417446,0.0298184,-0.0631466,0.0206792,-0.0252383,0.127682,0.137019,0.0134311,0.0882299,0.110782,0.0527066,-34534.3
-34185.3,0.913263,0.462414,3,7,0,34202.2,0.00719161,0.979417,0.172336,-0.0617828,0.228054,0.12176,0.274233,0.188986,0.0184548,0.0193916,0.217082,0.134912,-0.0514144,0.0973329,0.0767219,0.0104249,0.164614,0.090162,0.134317,0.14431,-0.0335469,0.0511117,0.0543397,-0.00275607,0.0182454,0.0015972,-0.0848709,-0.0303156,0.00802876,0.104828,0.0207811,0.0117253,0.168528,0.0907291,0.0617537,-34516.7
-34186.7,0.887714,0.462414,3,7,0,34203.1,-0.00177632,0.978554,0.198164,-0.0753112,0.246927,0.109321,0.296196,0.160482,0.0152479,0.0260226,0.216104,0.157601,-0.0648472,0.0862696,0.046376,-0.00361319,0.183353,0.0838197,0.142265,0.147331,0.0196969,0.0531303,0.0456154,-0.0085691,0.0256913,0.0103839,-0.0813384,-0.00944864,-0.0143879,0.141827,0.0945194,-0.00644318,0.17467,0.0939532,0.0380334,-34568.9
-34180.6,0.924122,0.462414,3,7,0,34201.3,0.00179349,0.977335,0.197015,-0.0645967,0.241249,0.123578,0.299213,0.175078,0.00744684,0.0340543,0.226534,0.141001,-0.0555341,0.0846662,0.0709366,-0.0111676,0.176033,0.0771584,0.133355,0.133446,-0.0113346,0.0545586,0.0292314,0.0028891,0.0342249,0.0118154,-0.0987075,-0.0172801,-0.0201706,0.167409,0.0692985,0.0119052,0.133979,0.0857101,0.0434933,-34567
-34182.5,0.8821,0.462414,3,7,0,34194.5,0.0110886,0.980011,0.187182,-0.0828733,0.253597,0.118596,0.283843,0.183173,0.0227758,0.0272773,0.211976,0.140263,-0.0338879,0.0871988,0.0646448,-0.0129114,0.166741,0.0822628,0.14364,0.155672,0.0129419,0.0489334,0.0451882,0.00592943,0.0270715,0.0219847,-0.0745097,0.00286221,-0.0250328,0.0999015,0.0974178,-0.00037119,0.129003,0.119946,0.0419749,-34543.9
-34188.4,0.641406,0.462414,3,7,0,34206.8,0.00230976,0.981385,0.169235,-0.0597847,0.255101,0.122725,0.29223,0.177889,0.026163,0.0160336,0.222679,0.139883,-0.0617251,0.0924023,0.0892036,-0.0137763,0.152421,0.0799402,0.135988,0.153941,-0.0132113,0.0462775,0.0492217,0.0227033,0.0124866,0.0347699,-0.0670814,0.00113286,-0.0347907,0.151049,0.110087,0.0196138,0.169288,0.121709,0.0431829,-34542.5
-34183.4,0.859818,0.462414,3,7,0,34210.2,0.00705476,0.972778,0.168805,-0.0737295,0.250748,0.115832,0.295568,0.164514,0.0231741,0.030098,0.219664,0.126038,-0.0537012,0.0762057,0.0616274,-0.00963966,0.174333,0.0693213,0.137133,0.15114,-0.0188247,0.044662,0.0689965,0.0102831,0.0220551,0.0156531,-0.0733472,0.0153899,-0.00783267,0.0807755,0.0479636,0.00202217,0.117026,0.139675,0.0421912,-34548.4
-34183.9,0.844278,0.462414,3,7,0,34205,0.00334366,0.985083,0.191169,-0.0497829,0.21467,0.116263,0.27635,0.194396,0.0129479,0.0186205,0.199678,0.158736,-0.0567094,0.107388,0.0733372,-0.0158354,0.167485,0.0776224,0.155759,0.141174,-0.0100066,0.0543252,0.0640855,-0.0147217,0.0445386,0.00862503,-0.0729251,-0.0133448,-0.0066849,0.163322,0.107915,0.00452089,0.13676,0.0614339,0.0721097,-34509.1
-34182.2,0.857799,0.462414,3,7,0,34201.8,-2.56149e-05,0.97206,0.177466,-0.0455126,0.233052,0.121541,0.279609,0.168848,0.0155913,0.0272998,0.205853,0.142502,-0.0524038,0.0954685,0.0724027,-0.00367139,0.167805,0.0748495,0.134289,0.141625,-0.0200576,0.0386699,0.0760222,-0.0144269,0.0306323,-0.0069983,-0.0774526,-0.0271418,0.00856085,0.105991,0.0670712,0.0042907,0.101522,0.089537,0.0441368,-34526.3
-34185,0.919022,0.462414,3,7,0,34197.4,0.00585819,0.985911,0.187414,-0.0713738,0.240536,0.0999022,0.296126,0.19868,0.0093185,0.0265113,0.19594,0.132096,-0.0363879,0.0742358,0.0792707,-0.00570092,0.160236,0.0770306,0.165333,0.153703,-0.0127204,0.0565529,0.0596068,0.00226061,0.0223076,0.0268621,-0.0722739,0.0135344,-0.00609091,0.168761,0.100547,0.028416,0.117245,0.0883294,0.0577754,-34513.6
-34192.3,0.872435,0.462414,3,7,0,34204.1,0.00491598,0.972159,0.192606,-0.0792142,0.230207,0.125548,0.290507,0.162745,0.0319308,0.0179893,0.201636,0.131787,-0.052435,0.0887995,0.0704042,0.00918417,0.168269,0.0977547,0.135227,0.140711,-0.0154238,0.0357334,0.0761628,0.00414637,0.0167181,0.0287098,-0.063618,-0.00346328,-0.0218857,0.0707504,0.119222,0.0374556,0.100527,0.0687819,0.0693453,-34545.1
-34190.6,0.913152,0.462414,3,7,0,34209.9,0.00668236,0.986002,0.166269,-0.0716487,0.234345,0.128057,0.269277,0.184994,0.0191227,0.0124213,0.202132,0.134567,-0.0363014,0.086646,0.0654555,-0.00170368,0.171817,0.0699311,0.119853,0.167964,-0.0275386,0.0655009,0.0735128,-0.0134123,0.0351868,0.0132133,-0.0828636,-0.0234035,0.00542241,0.167369,0.0835477,0.00813842,0.174985,0.0686292,0.0423918,-34496.2
-34194.9,0.9749,0.462414,3,7,0,34207.3,0.000186272,0.971559,0.201819,-0.0626537,0.235958,0.119561,0.29821,0.166678,0.0211839,0.0255359,0.218908,0.135453,-0.0593866,0.0802883,0.0629047,-0.00156754,0.158833,0.0812707,0.163687,0.123499,0.00491032,0.018654,0.0467999,-0.0221197,0.0243779,-0.00121127,-0.0896916,0.00255187,-0.0230274,0.103044,0.076174,-0.0222814,0.0791337,0.0689233,0.0518778,-34559.6
-34188.6,1,0.462414,3,7,0,34214.9,0.00882833,0.98335,0.187588,-0.051809,0.267255,0.125284,0.279412,0.189606,0.00318339,0.0397221,0.207286,0.138472,-0.0562145,0.0892874,0.0832432,-0.000534441,0.168746,0.0653014,0.131328,0.143751,-0.0129786,0.0316262,0.0715723,0.00937776,0.0207206,0.00624325,-0.0904825,-7.64394e-05,-0.0316283,0.192443,0.0688613,0.00756937,0.130363,0.0597091,0.0341175,-34536.5
-34192.9,0.872466,0.462414,3,7,0,34204.9,-0.00321026,0.972893,0.177865,-0.0759322,0.215141,0.104725,0.287096,0.172718,0.0306284,0.0149582,0.212684,0.137678,-0.0518512,0.0821187,0.0523678,-0.00412388,0.16741,0.0846628,0.155332,0.150207,-0.014653,0.0756127,0.0445562,-0.0184945,0.0343914,0.0181007,-0.0629277,-0.00688455,0.012365,0.103317,0.100868,0.0295276,0.182954,0.115195,0.0692964,-34527.2
-34185.4,0.939209,0.462414,3,7,0,34211.8,0.00238537,0.981092,0.184443,-0.0486773,0.250941,0.114763,0.289145,0.18882,0.00653059,0.0484751,0.210245,0.148035,-0.0545163,0.0891995,0.0684606,-0.00462261,0.176011,0.0680686,0.142877,0.147596,-0.00290932,0.0268274,0.0605576,0.0146585,0.0315281,0.00926409,-0.0865053,0.00236627,-0.0293361,0.132664,0.141475,-0.0385356,0.0870925,0.10781,0.0698982,-34542.3
-34184.1,0.900716,0.462414,3,7,0,34199.9,0.00679113,0.976153,0.188067,-0.0557561,0.218954,0.108589,0.288053,0.18764,0.0197705,0.0237471,0.195279,0.116888,-0.0563247,0.0778601,0.0680621,-0.0122519,0.151102,0.0830848,0.145353,0.148627,-0.0033781,0.0586512,0.065601,-0.0171881,0.0292591,0.00709381,-0.0904534,-0.00616664,0.0121568,0.16943,0.0597905,0.027119,0.218504,0.0641512,0.0509485,-34498.5
-34190.7,0.743373,0.462414,3,7,0,34205.9,-0.000422601,0.981154,0.190526,-0.0459066,0.251491,0.123043,0.283387,0.180055,-0.000890714,0.0343703,0.190743,0.16019,-0.063818,0.103289,0.0718457,-0.00453685,0.159877,0.09329,0.14286,0.13288,-0.00260161,0.0532318,0.0569051,-0.00262366,0.0397543,-0.000805798,-0.0657919,0.0118034,0.0128908,0.195677,0.108991,0.0239734,0.0940309,0.0564233,0.0460636,-34536.7
-34181.1,1,0.462414,3,7,0,34203.3,0.00218642,0.977326,0.174879,-0.0577298,0.239394,0.100065,0.28194,0.17817,0.0252491,0.0296913,0.216346,0.15242,-0.044486,0.0672055,0.083311,-0.0030184,0.170874,0.0758172,0.133325,0.147409,-0.0323315,0.0228201,0.0467515,-0.00395061,0.0179406,0.00789688,-0.0733738,-0.0162965,-0.00554185,0.115766,0.071848,-0.00622411,0.14502,0.0875349,0.0282317,-34507.4
-34181.7,0.526901,0.462414,3,7,0,34201.8,0.00616106,0.981659,0.19407,-0.065711,0.241523,0.111053,0.3064,0.180835,0.0084575,0.0183621,0.22914,0.135017,-0.0657868,0.0970642,0.0653678,0.000802623,0.178327,0.0753696,0.152665,0.153478,-0.0158836,0.0568109,0.0467549,0.018625,0.0233107,0.00927621,-0.0695873,0.00665316,-0.0147205,0.128119,0.0803237,0.00496965,0.159508,0.101651,0.0674108,-34578.4
-34183.1,0.913012,0.462414,3,7,0,34197.6,0.00154409,0.976218,0.192109,-0.0555029,0.235269,0.121182,0.28435,0.184965,0.0126329,0.0342095,0.209804,0.149355,-0.0522944,0.0841005,0.070273,-0.0131826,0.179315,0.0886408,0.127149,0.130112,-0.0119632,0.0562495,0.0483179,-0.00265779,0.0303937,0.0193341,-0.100738,-0.00129964,-0.0318418,0.0450749,0.0730957,0.0201347,0.14626,0.063824,0.0432028,-34536.7
-34184.7,0.98322,0.462414,3,7,0,34195.3,0.00564674,0.982317,0.180345,-0.0829506,0.230164,0.112979,0.294414,0.175863,0.0197439,0.0111381,0.205817,0.121959,-0.0532825,0.105503,0.0604651,-0.00544066,0.164931,0.0738788,0.153515,0.17631,-0.0122712,0.0448935,0.0673605,0.00223242,0.034703,0.000772338,-0.0660454,-0.0157428,-0.00334376,0.169808,0.101746,-0.023453,0.141623,0.101631,0.0531159,-34534.5
-34181.3,0.999783,0.462414,3,7,0,34197.4,-0.000532874,0.975361,0.173184,-0.056812,0.238647,0.120071,0.281366,0.174691,0.00919826,0.0327585,0.210468,0.152033,-0.0448776,0.0777989,0.0759602,-0.0102289,0.162098,0.0766838,0.163932,0.129148,-0.00561016,0.0384626,0.0572933,0.000127256,0.0276377,0.0143549,-0.0842554,-0.0127343,-0.0282291,0.155015,0.0759988,0.0274646,0.133362,0.0604238,0.0426795,-34518.4
-34183,0.93888,0.462414,3,7,0,34196.4,0.00214937,0.977411,0.161311,-0.0518245,0.231724,0.109498,0.264152,0.174289,0.0115903,0.0181658,0.217212,0.132888,-0.0608215,0.0966382,0.0603132,-0.00447828,0.166727,0.0728373,0.154109,0.160543,-0.00541737,0.0448586,0.0590394,-0.0189201,0.0329815,0.0141397,-0.0562356,-0.0152937,-0.00851134,0.107531,0.104489,-0.0139825,0.0873719,0.0747386,0.0296498,-34495
-34180.4,0.990884,0.462414,3,7,0,34196.5,0.00498966,0.981071,0.200086,-0.0666375,0.236602,0.119896,0.297086,0.190951,0.0229041,0.0350753,0.193426,0.146912,-0.0510964,0.0898222,0.0633908,-0.00645615,0.177351,0.0660467,0.144315,0.131542,-0.0132565,0.0538234,0.0507597,0.0123335,0.0298997,-0.0016417,-0.0900978,0.00910595,-0.00771307,0.150822,0.083857,0.0271621,0.150586,0.0995625,0.0577649,-34535.6
-34183.9,0.943397,0.462414,3,7,0,34194.9,0.000277159,0.976865,0.162259,-0.0689357,0.24941,0.108014,0.280513,0.17716,0.0157268,0.0241944,0.226123,0.134406,-0.051727,0.0993522,0.0728624,-0.0031235,0.162533,0.0696361,0.134126,0.159719,-0.00717561,0.0461549,0.0444841,0.0215186,0.0335851,-0.00727145,-0.0631405,-0.022253,-0.00553417,0.173582,0.0884675,0.0168738,0.157062,0.0521974,0.0459488,-34531.8
-34182.3,0.955519,0.462414,3,7,0,34197.8,0.00472248,0.979755,0.192758,-0.0626297,0.249818,0.127469,0.285933,0.173035,0.0166768,0.0151862,0.206551,0.154876,-0.0398274,0.0878702,0.0617514,0.0172592,0.163942,0.0664201,0.153106,0.138402,-0.0226877,0.0492933,0.0629532,0.00357995,0.0208771,0.0114494,-0.0781412,0.0181751,-0.0107595,0.056598,0.0834029,0.0430989,0.130818,0.0901096,0.0514474,-34543.1
-34183.9,0.680104,0.462414,3,7,0,34202.5,0.00323048,0.978897,0.181948,-0.0587735,0.245369,0.130562,0.2979,0.183752,0.0206446,0.0176212,0.224467,0.141847,-0.0515466,0.0722905,0.0555089,-0.00917762,0.182249,0.0687313,0.146529,0.142472,-0.0189524,0.0612618,0.0484573,0.00780219,0.0325813,0.00872396,-0.0950643,0.0145912,-0.0226837,0.0488802,0.125221,0.0191018,0.128283,0.090396,0.0345317,-34564.3
-34186.7,0.761588,0.462414,3,7,0,34203,-0.000487238,0.979013,0.195673,-0.0652186,0.244375,0.0922722,0.292353,0.173893,0.0266832,0.0535959,0.200541,0.132702,-0.0406479,0.0949082,0.0614389,-0.0103295,0.158942,0.068895,0.137131,0.137709,-0.0251379,0.0544093,0.0635492,-0.000344437,0.0217249,0.0135239,-0.0801511,0.0185096,-0.019861,0.187536,0.0831941,-0.0123521,0.084522,0.0986173,0.0647839,-34506.6
-34184.3,1,0.462414,3,7,0,34196.1,0.00739673,0.977671,0.176981,-0.0667363,0.247152,0.12637,0.273876,0.184475,0.00242314,0.00757161,0.209666,0.143651,-0.0647023,0.0772672,0.0817521,0.00518697,0.183125,0.0914581,0.147562,0.163258,5.37091e-05,0.0496987,0.0512859,-0.00665146,0.0376533,0.0129719,-0.084028,-0.0204633,-0.00597166,0.0468123,0.1037,-0.00175834,0.194928,0.0649749,0.046588,-34556
-34197.1,0.747537,0.462414,3,7,0,34211.9,-0.00273517,0.980341,0.185554,-0.0850594,0.256432,0.111797,0.288104,0.185392,0.0022135,0.0363256,0.192278,0.130437,-0.0481513,0.0934844,0.0328667,0.0176645,0.138791,0.0652462,0.14432,0.128505,-0.0136047,0.0616317,0.043459,0.000580375,-0.00812094,0.0227967,-0.0831367,-0.00551427,-0.00388001,0.152894,0.0662498,-0.0180392,0.136772,0.0769767,0.0528888,-34498.4
-34192.2,0.95648,0.462414,3,7,0,34215.5,0.00932108,0.976801,0.185957,-0.0581903,0.231019,0.107889,0.264525,0.171531,0.027463,0.0385848,0.226445,0.12566,-0.0408473,0.0928277,0.0920862,-0.0098332,0.176793,0.0981547,0.133127,0.158195,0.00255277,0.0429905,0.0667259,-0.0223475,0.0615459,0.00833447,-0.0734105,-0.0142972,-0.0116406,0.161366,0.0985036,-0.0148839,0.122241,0.058573,0.0563081,-34535.6
-34182.8,0.996521,0.462414,3,7,0,34204.8,0.00294674,0.97723,0.198038,-0.0678044,0.228615,0.111242,0.278013,0.193004,0.0102482,0.023803,0.230873,0.126923,-0.0522046,0.0894724,0.0720934,-0.0140105,0.150885,0.0954533,0.142345,0.125769,-0.00961514,0.0550155,0.0593529,-0.00315008,0.0339159,0.0227787,-0.0800351,-0.0221087,-0.0238543,0.108148,0.115583,0.0223943,0.107583,0.118469,0.0549527,-34531
-34185,0.865862,0.462414,3,7,0,34197.6,-0.00180761,0.979778,0.195962,-0.0524999,0.220516,0.101218,0.276413,0.193756,0.0196669,0.0260286,0.233168,0.129097,-0.0473088,0.106881,0.0532145,-0.000834292,0.163396,0.0933079,0.144078,0.138517,0.00173065,0.0557332,0.0619435,0.00401646,0.0233273,0.0345985,-0.0922853,4.17437e-05,-0.0154181,0.122417,0.109015,0.004899,0.122434,0.0957564,0.0571263,-34531.6
-34181.2,0.958559,0.462414,3,7,0,34199.6,0.010786,0.97834,0.185574,-0.0673286,0.238217,0.123171,0.285816,0.190464,0.0312982,0.0256046,0.197983,0.138154,-0.0578168,0.109451,0.0743035,-0.00250535,0.155957,0.0661225,0.155517,0.138356,0.00646441,0.0428488,0.0516367,-0.0145939,0.0329797,0.00198752,-0.0629647,0.0155581,-0.00913871,0.173672,0.090279,0.00477845,0.124498,0.0617178,0.0339552,-34531.7
-34177.9,0.925573,0.462414,3,7,0,34195.1,0.00417043,0.978076,0.172248,-0.0587394,0.241012,0.114305,0.291133,0.17732,0.0108554,0.0344672,0.215404,0.140914,-0.0513035,0.0719175,0.0621295,0.00188549,0.181774,0.0851618,0.133549,0.146608,-0.0243742,0.0546388,0.0610697,0.0104603,0.0326905,0.0220133,-0.0804131,-0.0226183,-0.0189495,0.0917891,0.0951516,0.00239046,0.119052,0.122003,0.0625407,-34533.3
-34180.4,0.845109,0.462414,3,7,0,34191.9,0.00445171,0.979128,0.188697,-0.0721825,0.246619,0.0976054,0.277019,0.175119,0.0294506,0.0344033,0.213716,0.139183,-0.0662511,0.0957061,0.0610236,-0.0183708,0.15685,0.0720462,0.145693,0.14556,-0.00570761,0.0651787,0.0615355,0.0143676,0.0452356,0.0109007,-0.0721603,0.00181272,-0.0133292,0.213679,0.0717899,0.0162745,0.134901,0.0558602,0.053245,-34521.9
-34175.4,1,0.462414,3,7,0,34187.1,0.00472239,0.978031,0.175371,-0.0572729,0.232102,0.120928,0.288501,0.191443,0.00760231,0.0312832,0.205177,0.138492,-0.050957,0.0864519,0.069445,-0.00525543,0.168765,0.0835059,0.139959,0.130931,-0.0265284,0.0519274,0.0633542,0.00622473,0.0364042,0.00930351,-0.0868328,-0.000364898,0.00465558,0.0893678,0.0871611,0.0217092,0.113977,0.106262,0.0440875,-34522.3
-34177.1,0.659608,0.462414,3,7,0,34192.2,0.00236337,0.977099,0.174217,-0.0572033,0.228638,0.109979,0.286137,0.188373,-0.00185005,0.0338431,0.204584,0.135334,-0.049112,0.0866708,0.07201,-0.00762837,0.167699,0.0797522,0.143626,0.135227,-0.0203272,0.0431808,0.0585202,0.00989781,0.0293601,0.00657748,-0.0779531,-0.00660354,-0.00418455,0.0869926,0.0925133,0.0269735,0.138932,0.100569,0.0341492,-34502.7
-34182.6,0.650562,0.462414,3,7,0,34199.5,0.00476452,0.98113,0.192497,-0.0693138,0.235103,0.128983,0.286005,0.177944,0.0253529,0.0161675,0.228226,0.131375,-0.0380488,0.0952523,0.0507849,0.00307041,0.170815,0.0770248,0.148723,0.136482,-0.00521063,0.0381833,0.0747389,0.00215664,0.025414,0.0341099,-0.0791325,0.00242523,-0.00904117,0.152652,0.0962744,-0.0199162,0.130642,0.097856,0.0852422,-34551.1
-34182.4,0.788561,0.462414,3,7,0,34208,0.00478517,0.977611,0.169935,-0.0543935,0.242283,0.103908,0.287512,0.184512,0.0115082,0.0318601,0.198852,0.146045,-0.0588647,0.0821465,0.0882915,-0.0118038,0.167345,0.0765708,0.132033,0.152609,-0.0193149,0.0671704,0.0345429,-0.0112064,0.039707,-0.00101017,-0.0544224,-0.0116711,-0.000605435,0.0996899,0.0780446,-0.00787283,0.176157,0.0684467,0.0483207,-34510.5
-34180.7,0.893432,0.462414,3,7,0,34198.4,0.00470484,0.979943,0.172803,-0.0549471,0.241823,0.12758,0.287427,0.173809,0.00939389,0.0373289,0.206407,0.141059,-0.0741515,0.0977714,0.06327,-0.00976982,0.161891,0.0761245,0.149107,0.13668,-0.0270157,0.0672856,0.0611127,0.0142082,0.0301175,0.0241622,-0.0881825,-0.0185634,-0.00956647,0.260577,0.091407,0.000914457,0.162877,0.0818284,0.0513557,-34528.3
-34185.2,0.70105,0.462414,3,7,0,34202.4,0.00259228,0.977539,0.184396,-0.0510117,0.234405,0.105868,0.291867,0.181399,0.0326474,0.00278385,0.206704,0.126033,-0.0482149,0.0881737,0.0587667,-0.0126278,0.177356,0.0837893,0.157389,0.153387,0.0146439,0.041249,0.0522098,-0.0159009,0.0408925,0.00469207,-0.075647,0.00446362,-0.0051176,0.0200626,0.0718731,0.0138702,0.11924,0.0852055,0.0419255,-34529.3
-34193.3,0.775002,0.462414,3,7,0,34209.7,0.00146644,0.980626,0.192181,-0.0720085,0.243766,0.116646,0.274823,0.177134,0.00549215,0.0582702,0.208667,0.161473,-0.0523013,0.0927903,0.0730129,-0.00767243,0.153876,0.0655506,0.132283,0.128113,-0.0355325,0.0687456,0.071455,0.0109932,0.00825092,0.0212113,-0.0798309,-0.00956538,-0.0181114,0.19206,0.131817,-0.00880682,0.228284,0.131436,0.0446388,-34517.2
-34195.4,0.934643,0.462414,3,7,0,34213.8,0.00556248,0.976908,0.176077,-0.0602891,0.23289,0.127889,0.309246,0.188198,0.0123307,0.00528636,0.208396,0.133614,-0.061698,0.0825945,0.0522518,0.00574759,0.188486,0.0788081,0.164975,0.117711,-0.00286789,0.0445678,0.0370204,0.00281777,0.0406864,-0.00017697,-0.0729054,0.0160136,0.0266091,0.0893943,0.0738652,0.0233181,0.100561,0.0598686,0.0362776,-34562.2
-34191.5,1,0.462414,3,7,0,34208.9,0.000821093,0.979312,0.187736,-0.0648709,0.251736,0.0958721,0.262735,0.164315,0.0199087,0.0520237,0.221712,0.144753,-0.0432096,0.0868816,0.080622,-0.0102676,0.166311,0.0692071,0.112126,0.149427,-0.0188312,0.0495477,0.07116,-0.0111532,0.0152493,0.0217321,-0.0734359,-0.0209141,-0.0335032,0.184191,0.106903,-0.0143515,0.146199,0.115289,0.0370313,-34500
-34180.4,0.919721,0.462414,3,7,0,34206,-0.00163383,0.981917,0.189362,-0.0670474,0.239593,0.110292,0.278255,0.209967,0.0147949,0.0373593,0.214762,0.131863,-0.0522106,0.10101,0.0737112,-0.00677945,0.172696,0.0709595,0.127319,0.151093,-0.0227605,0.0491095,0.0543418,-0.0119917,0.0249587,0.0124469,-0.0789272,-0.0113411,-0.0120244,0.11629,0.0910496,-0.024158,0.14386,0.11787,0.0382567,-34530.8
-34181.2,0.759534,0.462414,3,7,0,34204,0.00771628,0.973439,0.174833,-0.0569714,0.234761,0.11613,0.289293,0.159109,0.0204601,0.019525,0.208095,0.148565,-0.0639864,0.086571,0.0623358,0.00377494,0.149462,0.0807644,0.158212,0.132745,-0.00455652,0.0597858,0.0682374,0.000507115,0.0235863,0.0247021,-0.0754122,-0.00331044,-0.0123866,0.123026,0.0524451,0.0231672,0.0995464,0.0860105,0.0729871,-34525.9
-34179.6,0.84791,0.462414,3,7,0,34196.9,0.00136714,0.980604,0.185246,-0.0660543,0.238313,0.11356,0.279314,0.202597,0.0138958,0.0361607,0.217677,0.13036,-0.0509958,0.0920622,0.0745612,-0.00637222,0.186349,0.0750343,0.121639,0.152622,-0.0227756,0.050874,0.0557988,-0.00647467,0.0225784,-0.00163084,-0.0804417,0.00229962,-0.00545485,0.196509,0.113031,-0.00811847,0.165664,0.079504,0.0316364,-34534.3
-34182.6,0.799141,0.462414,3,7,0,34197.4,0.00492904,0.978361,0.172888,-0.0658264,0.253786,0.115043,0.28799,0.160311,0.0229369,0.0238759,0.228699,0.160606,-0.0387625,0.0837381,0.0687157,-0.00445433,0.159617,0.0785561,0.154268,0.127575,-0.00245024,0.0332718,0.049361,-0.00638133,0.0427786,0.0137796,-0.0746665,-0.0101048,-0.0263913,0.101975,0.066473,0.00484868,0.134122,0.0708756,0.0562387,-34542.5
-34191.7,0.639108,0.462414,3,7,0,34204.6,0.000278038,0.977407,0.161594,-0.0643606,0.221983,0.110705,0.258475,0.190296,0.0204141,0.0104565,0.223805,0.125523,-0.0605559,0.0956661,0.0753532,-0.0186816,0.160815,0.0783689,0.128286,0.151797,-0.0141338,0.0458801,0.0357929,0.000735835,0.040793,0.0273794,-0.0808409,-0.000993904,0.00910448,0.195169,0.0810745,-0.0184494,0.203115,0.0639941,0.0403949,-34486.8
-34190.8,0.989442,0.462414,3,7,0,34213,0.00229405,0.975659,0.192664,-0.0770444,0.248004,0.105115,0.274526,0.18581,0.0137358,0.0334443,0.217796,0.104674,-0.0472844,0.112416,0.0684732,-0.00799078,0.167313,0.0703218,0.143418,0.149717,0.0141097,0.0439036,0.0623049,0.00648712,0.0328651,0.011427,-0.0705024,0.00130886,-0.0327156,0.098554,0.11312,0.0298219,0.0850598,0.0814301,0.0289188,-34534.3
-34188.1,0.879892,0.462414,3,7,0,34210.9,0.000811924,0.975829,0.194832,-0.0606607,0.21741,0.102628,0.272711,0.185495,0.0245115,0.0336679,0.213009,0.103113,-0.0607344,0.0961146,0.0778158,-0.00279891,0.163435,0.0557685,0.128393,0.13992,0.00120267,0.0357168,0.0674956,0.000477857,0.038289,0.0111931,-0.078269,0.000109773,-0.00585407,0.14697,0.0907282,0.000947867,0.0673374,0.0590254,0.0318863,-34492.4
-34185.5,0.871551,0.462414,3,7,0,34205.3,0.00438032,0.982462,0.183342,-0.0656094,0.232945,0.103659,0.282487,0.174724,0.00680483,0.028232,0.19463,0.13361,-0.0456859,0.121367,0.0877415,0.0119435,0.161348,0.0559729,0.151572,0.153993,-0.00373507,0.0369942,0.0586509,-0.00194352,0.0263353,0.0210157,-0.0871084,0.00694961,-0.0108134,0.107269,0.0290481,0.0155314,0.125532,0.102843,0.0418352,-34505.5
-34188.5,0.656445,0.462414,3,7,0,34212.7,0.00254018,0.972524,0.183683,-0.0630002,0.240311,0.110811,0.289277,0.176761,0.0276962,0.0234943,0.234397,0.13608,-0.0425013,0.0603212,0.0629592,-0.0231812,0.162667,0.0886982,0.129709,0.124621,-0.00829578,0.0335313,0.041272,-0.00389664,0.0380988,0.00664971,-0.062435,0.00430525,-0.00789174,0.155536,0.115917,-0.00937717,0.113971,0.0580888,0.0361914,-34532
-34182.2,1,0.462414,3,7,0,34200.6,0.00498814,0.978522,0.193856,-0.062583,0.246179,0.127664,0.296418,0.158179,0.0234654,0.0183086,0.217923,0.125616,-0.036753,0.0930298,0.0726093,0.0119347,0.17285,0.0677668,0.136751,0.121368,-0.0112844,0.0458793,0.0681212,-0.0120738,0.0299368,0.00944612,-0.0780753,-0.00513561,-0.0107253,0.10944,0.0462644,0.00043077,0.121617,0.0598795,0.0456703,-34545
-34182.2,0.774318,0.462414,3,7,0,34195.8,0.00444194,0.978716,0.170867,-0.0591297,0.228146,0.106313,0.279449,0.183435,0.016195,0.0409433,0.221967,0.130878,-0.0600589,0.0859565,0.0509147,-0.0193278,0.161991,0.0867168,0.142291,0.153327,-0.0162204,0.0504113,0.060627,0.0146754,0.0319599,0.00541428,-0.0664803,-0.00804623,-0.0096221,0.175661,0.123244,-0.0220056,0.164522,0.0851454,0.072611,-34505.3
-34181.3,0.897729,0.462414,3,7,0,34200,0.00451952,0.978649,0.193202,-0.0634218,0.25337,0.122147,0.298245,0.180777,0.0159102,0.00864601,0.199987,0.147911,-0.045246,0.0840605,0.0901267,-0.00226143,0.169378,0.0711229,0.148118,0.13755,-0.0119561,0.0461896,0.0607447,-0.00736254,0.0279664,0.0205066,-0.0937912,-0.00999445,-0.00783805,0.129351,0.0494727,0.0215325,0.101148,0.0772574,0.0341238,-34559.4
-34186.3,0.800924,0.462414,3,7,0,34201.2,0.00968889,0.979261,0.174754,-0.0717657,0.236059,0.112126,0.289437,0.191784,0.034509,-0.00374012,0.206481,0.151524,-0.0556209,0.0762418,0.0717443,-0.0128061,0.178197,0.0753121,0.132795,0.137365,-0.00424298,0.0361027,0.0636376,-0.0235352,0.0288374,0.0259881,-0.0810229,-0.01918,0.0116099,0.0859029,0.0640189,0.00527533,0.146891,0.0800892,0.0442745,-34530
-34185.8,0.964453,0.462414,3,7,0,34201.2,-0.00264891,0.97761,0.192045,-0.0665855,0.241499,0.124202,0.297215,0.176075,0.00975545,0.0386991,0.214323,0.128913,-0.0433806,0.0914483,0.0533942,-0.00895282,0.156914,0.0743173,0.155891,0.147016,-0.0260945,0.0580623,0.0706686,0.00848647,0.0340559,-0.010849,-0.0762407,0.00936027,-0.0269245,0.20165,0.126876,-0.0226439,0.138815,0.111951,0.065467,-34551.6
-34184.1,0.970341,0.462414,3,7,0,34199.8,0.00452437,0.979068,0.161503,-0.0449746,0.246529,0.108161,0.292226,0.196424,0.0244194,0.024927,0.211552,0.135009,-0.0732629,0.0779581,0.081328,-0.0139325,0.196647,0.0749101,0.130393,0.138886,-0.0120123,0.0590606,0.0704695,0.00652929,0.0373235,0.0100407,-0.0819352,0.00806145,-0.00896372,0.158486,0.113608,-0.0241593,0.150867,0.0964057,0.0528167,-34537.8
-34181,0.907572,0.462414,3,7,0,34198.4,0.00248055,0.978702,0.200745,-0.0734964,0.219632,0.120617,0.29929,0.15866,0.0167505,0.030754,0.209426,0.132105,-0.0445753,0.0982908,0.0576177,0.00235723,0.146742,0.0724437,0.144788,0.155687,-0.00553966,0.0561643,0.0587041,-0.0123198,0.0177003,0.0119583,-0.0704932,-0.0133347,-0.0203371,0.0968778,0.0832691,0.027739,0.107816,0.0784368,0.04505,-34528.7
-34181.1,0.684653,0.462414,3,7,0,34200.6,0.00444226,0.978707,0.158659,-0.0570949,0.252957,0.108695,0.288772,0.190518,0.0237205,0.0296207,0.202498,0.132768,-0.0621485,0.0906217,0.0743398,-0.0179284,0.187033,0.0775817,0.150977,0.144439,-0.0209457,0.0434148,0.0517947,-0.00221386,0.0367434,0.0235102,-0.0765085,0.0129693,-0.00615405,0.186878,0.0892017,-0.026533,0.135288,0.0763393,0.0467101,-34527
-34180.2,0.664775,0.462414,3,7,0,34205,0.00196637,0.979558,0.193407,-0.0682644,0.235974,0.118819,0.292089,0.174853,0.0037389,0.0127195,0.206186,0.1519,-0.0484019,0.0870081,0.0611245,-0.00805524,0.152837,0.0680157,0.144871,0.141059,0.000302942,0.0531151,0.0524193,-0.00861414,0.0363361,0.00241271,-0.0701053,-0.0133066,-0.0054621,0.135004,0.0569397,0.034334,0.166273,0.0991559,0.0363352,-34527
-34178.3,0.897266,0.462414,3,7,0,34195.7,0.00162826,0.977877,0.2035,-0.0714893,0.232752,0.106486,0.293719,0.167754,0.0251448,0.0324371,0.210552,0.141356,-0.0548356,0.0683979,0.075188,0.00429517,0.170787,0.0581081,0.131326,0.133905,-0.0134614,0.0507985,0.0618498,-0.00801201,0.028746,0.00357028,-0.0773332,0.0015518,-0.00881921,0.125105,0.0768556,0.0111506,0.144439,0.0592593,0.0562546,-34526.1
-34182.6,0.688128,0.462414,3,7,0,34198.9,0.00512408,0.979186,0.170498,-0.0623386,0.240158,0.127246,0.271058,0.190095,0.0188632,0.0215777,0.213941,0.13861,-0.0422662,0.0995023,0.0600284,-0.00963762,0.1607,0.0738674,0.153875,0.164818,-0.0195,0.0433609,0.0647808,0.00743598,0.034675,0.0269399,-0.0715455,-0.0273764,-0.0289481,0.1318,0.0989078,0.016231,0.0967006,0.104945,0.0916553,-34527
-34185.3,0.884557,0.462414,3,7,0,34199.1,0.00488082,0.978024,0.212525,-0.0654722,0.257067,0.12108,0.280228,0.173743,0.00927951,0.0172985,0.205613,0.151908,-0.0556093,0.102873,0.0663717,-0.00799137,0.163901,0.0698885,0.133636,0.145545,-0.00545719,0.0538563,0.0382595,-0.0150804,0.0451867,0.0144946,-0.0923039,-0.012904,-0.0179921,0.124415,0.0578211,-0.0424801,0.134946,0.104783,0.063093,-34559.1
-34188.3,0.960449,0.462414,3,7,0,34197,0.00736519,0.976626,0.213573,-0.0644588,0.248996,0.122785,0.280717,0.178173,0.0137682,0.0246079,0.209554,0.158989,-0.0577821,0.109409,0.0619078,-0.00721168,0.162247,0.0735417,0.128841,0.145178,-0.0134971,0.0512366,0.0366296,-0.0180226,0.0490585,0.0181144,-0.0915689,-0.00967166,-0.0190255,0.0870658,0.066476,-0.0441735,0.135211,0.114177,0.0671327,-34569.9
-34184.8,0.977354,0.462414,3,7,0,34202.4,-9.65905e-05,0.982775,0.153625,-0.0748794,0.2357,0.111882,0.288303,0.185775,0.0120351,0.0197066,0.22078,0.130497,-0.0459773,0.0740175,0.0768779,-0.00415358,0.165515,0.0871705,0.165543,0.138333,-0.0197787,0.0465244,0.0634003,-0.00175469,0.014844,0.0143782,-0.0796711,-0.0110326,-0.00768399,0.165509,0.1006,-0.0371383,0.119963,0.0553042,0.079495,-34508.1
-34181.5,0.941496,0.462414,3,7,0,34195.2,0.00211733,0.975391,0.20455,-0.0606209,0.223801,0.118566,0.296031,0.192392,0.020535,0.0363809,0.214089,0.14373,-0.0499,0.0997197,0.0578204,-0.00841308,0.171643,0.0668185,0.132987,0.149508,-0.0143056,0.045591,0.0758793,-0.010027,0.0345928,0.0110422,-0.0766155,0.00398095,-0.0163521,0.0530341,0.0724363,-0.0406564,0.158672,0.0941757,0.0642268,-34567.8
-34183,0.97897,0.462414,3,7,0,34195.1,0.0048229,0.982386,0.180523,-0.0543552,0.220915,0.122369,0.282344,0.17881,0.0120715,0.0341594,0.205883,0.158853,-0.0757481,0.0849759,0.0692742,-0.00919398,0.170792,0.0969606,0.147612,0.151752,-0.0247536,0.0718334,0.0688739,-0.0238171,0.0267661,0.00947121,-0.0846455,-0.00525124,-0.0198569,0.173024,0.101852,0.0297326,0.102217,0.0678304,0.0473266,-34526.6
-34191.9,0.569984,0.462414,3,7,0,34205.6,-0.00585539,0.977285,0.174191,-0.0417369,0.238846,0.123252,0.294057,0.181648,0.00329891,0.0476675,0.21137,0.13949,-0.0500298,0.098757,0.0634813,0.00207511,0.185185,0.083019,0.127496,0.147444,-0.0128614,0.0421933,0.0579814,-0.0131204,0.0237827,0.0180579,-0.0594339,0.0192711,-0.0347791,0.0617566,0.0878777,-0.0112764,0.132704,0.10994,0.0804983,-34543.4
-34184,0.981898,0.462414,3,7,0,34205,0.00627934,0.979479,0.173256,-0.0818612,0.245642,0.123176,0.279922,0.179008,0.0114468,0.0232262,0.215388,0.137163,-0.0698064,0.0846392,0.0687576,0.00457338,0.178279,0.0881338,0.138025,0.150218,-0.0164741,0.0460113,0.045181,-0.00630703,0.0415208,0.000853195,-0.093516,0.00083864,-0.0116777,0.145232,0.0684121,-0.00107021,0.143298,0.0565779,0.0239442,-34543.8
-34184.4,1,0.462414,3,7,0,34196.4,0.00269274,0.977937,0.183284,-0.0578611,0.225713,0.113692,0.269588,0.18037,0.0144494,0.0303252,0.201772,0.125697,-0.0473534,0.0964723,0.0688713,-0.00397328,0.153305,0.0881272,0.164596,0.123664,-0.00842956,0.0519103,0.0582473,-0.00591022,0.0146427,0.0259066,-0.0677998,-0.00603102,-0.00528481,0.146586,0.0591226,0.00578809,0.14013,0.13309,0.0705906,-34478.9
-34188.5,0.931515,0.462414,3,7,0,34203.7,0.00100852,0.976041,0.1756,-0.0647503,0.220955,0.11066,0.289397,0.202093,0.0271122,0.0448269,0.194516,0.118222,-0.0547785,0.1136,0.0798125,-0.0106752,0.158253,0.0784278,0.143212,0.15705,-0.0269282,0.0473291,0.0719234,-0.00399712,0.0396652,0.0181437,-0.0720545,-0.000950679,-0.00649241,0.148555,-0.00745448,0.00763056,0.0781216,0.152501,0.0625952,-34524.8
-34187,0.72596,0.462414,3,7,0,34214,0.00598236,0.977865,0.181581,-0.0652598,0.226292,0.110949,0.284595,0.202621,0.0197521,0.0473779,0.199258,0.124475,-0.0589099,0.113255,0.0707321,-0.0180093,0.156747,0.0887225,0.143911,0.155026,-0.0258865,0.0454372,0.07099,0.0148676,0.0296568,0.0250909,-0.0729761,0.00529879,-0.0131079,0.164113,0.0211991,0.0258738,0.082053,0.16445,0.0475047,-34524.6
-34186.4,0.901816,0.462414,3,7,0,34206.7,0.00505079,0.981666,0.186399,-0.0652952,0.212875,0.113876,0.299488,0.190936,0.0101291,0.0605338,0.201922,0.134272,-0.0527018,0.107609,0.0673546,-0.00948631,0.154041,0.0645249,0.140501,0.162978,-0.0211942,0.0385936,0.0457052,0.00520458,0.0485954,0.0291713,-0.0769187,0.00288346,-0.0157217,0.124232,0.104445,0.0238802,0.106648,0.110915,0.0370419,-34525
-34188.2,0.927298,0.462414,3,7,0,34202.1,0.00810573,0.9728,0.182364,-0.0543564,0.206921,0.112204,0.293629,0.186959,0.0166268,0.0509667,0.197291,0.128121,-0.0689898,0.0842661,0.0670044,-0.0204358,0.145279,0.0591009,0.133002,0.149621,-0.021524,0.0394381,0.0428936,-0.00514957,0.034718,0.0303063,-0.0730448,-0.0112052,-0.00824872,0.140024,0.0826886,0.00942059,0.086954,0.0852168,0.0350696,-34493.9
-34185.7,0.961605,0.462414,3,7,0,34205.8,0.00246872,0.983625,0.175228,-0.0577039,0.252844,0.131322,0.300967,0.191314,0.0107175,0.0216302,0.208445,0.16003,-0.0675995,0.0948775,0.0621802,-0.000755127,0.160458,0.0674938,0.147737,0.145059,-0.021305,0.0486615,0.0660122,0.00759588,0.0403293,0.000856748,-0.0850504,0.0283476,-0.0233202,0.136543,0.118889,-0.00310051,0.104235,0.0754366,0.0486448,-34566.5
-34184.4,0.861035,0.462414,3,7,0,34203.8,0.0017328,0.980843,0.169965,-0.0616823,0.251477,0.129701,0.293069,0.18731,0.0141254,0.0154393,0.211882,0.155699,-0.0750937,0.100325,0.0578361,-0.00864007,0.167347,0.071081,0.14027,0.146272,-0.0190177,0.0427483,0.0603666,0.0133222,0.0424676,-0.00612632,-0.0827388,0.0220154,-0.0306192,0.0751091,0.100089,0.0037374,0.125978,0.084333,0.0495903,-34558
-34186.4,0.830382,0.462414,3,7,0,34209.9,0.00530978,0.983095,0.183105,-0.0705186,0.228569,0.0972642,0.283446,0.178032,0.0268224,0.0461109,0.207156,0.120677,-0.0481473,0.085067,0.0759237,0.00232311,0.172622,0.0774188,0.150073,0.140732,-0.00409771,0.0456887,0.0599789,-0.0154191,0.0279022,0.0298804,-0.0644819,-0.0270655,0.0141656,0.109703,0.0724511,-0.016881,0.190533,0.0767327,0.0367349,-34496.9
-34187.6,0.96051,0.462414,3,7,0,34204.1,0.00233158,0.981807,0.178332,-0.0517183,0.250032,0.130012,0.284859,0.190748,0.00298959,0.0098326,0.218084,0.162206,-0.0608454,0.102417,0.0563216,-0.0177197,0.167517,0.0743922,0.139736,0.154465,-0.0175299,0.0625102,0.0639711,0.0133479,0.028911,-0.0019277,-0.078396,0.0211265,-0.0252322,0.171345,0.0890576,0.0412405,0.106227,0.0906424,0.0957551,-34558.7
-34180.4,0.96459,0.462414,3,7,0,34201.5,0.00525075,0.97605,0.182014,-0.0640404,0.224334,0.104462,0.28571,0.186212,0.02589,0.0193488,0.205643,0.138483,-0.0511063,0.0996627,0.0589044,0.0114278,0.157541,0.0626788,0.144021,0.151076,-0.0252765,0.0626129,0.039562,-0.000425638,0.0351726,0.0095553,-0.0728358,0.00130898,-0.00144555,0.0682429,0.0431229,0.00816205,0.148159,0.0792659,0.0310316,-34513.9
-34189.3,0.737655,0.462414,3,7,0,34201.4,-0.000133455,0.981137,0.179552,-0.0343379,0.237875,0.128842,0.290597,0.178497,0.0237766,0.0164017,0.216029,0.12954,-0.0556461,0.0646871,0.0620057,-0.0286169,0.165633,0.0819801,0.14834,0.129018,0.00930975,0.0415949,0.0758048,-0.0192153,0.0252003,-0.00200191,-0.0829815,-0.0242363,-0.0174227,0.19931,0.0838679,-0.00761901,0.102637,0.0766386,0.0534551,-34512
-34190.8,0.863124,0.462414,3,7,0,34211.5,0.000572081,0.979352,0.177754,-0.0336146,0.229889,0.124622,0.293115,0.178895,0.0253724,0.010736,0.219279,0.130582,-0.0566048,0.0598323,0.0597547,-0.0317821,0.162513,0.0710736,0.140545,0.12992,0.00850234,0.0475701,0.0729599,-0.0164671,0.0243379,0.00721895,-0.09178,-0.020129,-0.0225114,0.146899,0.0794294,0.00683501,0.109354,0.109246,0.0347484,-34505.4
-34186.3,0.983933,0.462414,3,7,0,34209.5,0.00622414,0.978611,0.194397,-0.0792449,0.249696,0.10556,0.293528,0.191285,0.0123927,0.0258311,0.207485,0.138426,-0.0561299,0.0945636,0.0663584,0.013584,0.159556,0.0889259,0.148413,0.143127,-0.0316575,0.0633874,0.0649634,0.00187916,0.0333672,0.0207381,-0.0785634,0.010079,0.00924644,0.0879207,0.0889154,-0.0262409,0.175712,0.0557668,0.108961,-34565.6
-34187.7,0.943754,0.462414,3,7,0,34202.5,0.00482631,0.977029,0.165742,-0.0424507,0.232805,0.117647,0.273659,0.19469,0.0150067,0.0278345,0.198096,0.139631,-0.062859,0.0738199,0.062336,-0.00809026,0.14982,0.100802,0.146934,0.13403,0.00375355,0.0584453,0.049798,-0.00993777,0.0264912,0.0128654,-0.0983879,-0.00499983,-0.00586076,0.0415274,0.0629302,-0.0235221,0.184531,0.0816238,0.0415003,-34487.6
-34191.2,0.522394,0.462414,3,7,0,34213.9,0.00365036,0.978518,0.181601,-0.0295873,0.232508,0.121129,0.288922,0.182629,0.0194178,0.0407989,0.195461,0.148822,-0.0523869,0.0772713,0.0795806,0.0199499,0.168225,0.0757758,0.138416,0.14826,-0.0198244,0.0504484,0.0494173,-0.0161565,0.0281318,0.00909558,-0.0967339,-0.0081126,-0.00561807,0.0229145,0.0514546,-0.0130409,0.101363,0.0705425,0.0329626,-34521.4
-34191.7,0.663732,0.462414,3,7,0,34210.9,0.00227541,0.979205,0.185709,-0.0870733,0.244692,0.107944,0.294082,0.179953,0.0149444,0.0136991,0.222504,0.130807,-0.0564317,0.0942866,0.0530933,-0.0327221,0.16754,0.0748373,0.146683,0.137405,-0.00785168,0.0472362,0.0703037,0.00977278,0.0341208,0.0140133,-0.0576233,-0.00950408,-0.0172875,0.334159,0.119423,0.0419393,0.256108,0.0997151,0.0990298,-34542.2
-34187.5,0.749917,0.462414,3,15,0,34217.5,0.00391325,0.979833,0.185829,-0.0409749,0.261102,0.128656,0.280033,0.188139,0.021644,0.0388358,0.212488,0.144273,-0.0506074,0.0580938,0.0640134,0.023501,0.182269,0.0735069,0.144593,0.134704,-0.0127264,0.063804,0.060528,-0.00691072,0.0274823,-0.00722832,-0.0890676,0.0112819,-0.00146764,0.121569,0.0506965,0.00592422,0.139361,0.06313,0.055718,-34549.5
-34178.7,1,0.462414,3,7,0,34196.1,0.00659146,0.977899,0.189105,-0.0731167,0.241848,0.111416,0.287763,0.183495,0.0174543,0.0180607,0.20724,0.145129,-0.0634699,0.0952817,0.0527731,-0.0205994,0.158789,0.0680107,0.152908,0.156049,-0.0233475,0.0493385,0.0618625,-0.0149667,0.017768,0.0248884,-0.0695493,-0.00395412,-0.0226002,0.178085,0.104829,0.00390468,0.142018,0.0977874,0.0517216,-34534.9
-34182.2,0.874508,0.462414,3,7,0,34194,0.000774684,0.979359,0.177645,-0.0486934,0.251204,0.121462,0.30049,0.182552,0.0159131,0.028743,0.20591,0.128614,-0.041921,0.0768031,0.0746991,-0.0018663,0.176453,0.0861714,0.140587,0.133051,-0.00235916,0.0524283,0.0597781,0.0211006,0.0412557,-0.00143053,-0.0821489,-0.00708904,0.00962147,0.116149,0.0644838,0.0279726,0.122102,0.0608249,0.0606422,-34543.8
-34184,0.697417,0.462414,3,7,0,34199.7,0.00848729,0.979522,0.192524,-0.0715281,0.256418,0.111422,0.273838,0.166152,0.00823309,0.0352488,0.22009,0.145082,-0.0502046,0.105523,0.0557544,-0.0158815,0.175948,0.0901345,0.144985,0.141063,-0.0133842,0.0349595,0.0774199,-0.00987635,0.0242657,0.0184252,-0.0859525,-0.00875403,-0.0161361,0.0906048,0.0943924,-0.0171735,0.149934,0.0987258,0.0431605,-34547.2
-34181.9,0.94961,0.462414,3,7,0,34201.8,-0.000850075,0.977401,0.175372,-0.0496174,0.221286,0.124823,0.301717,0.192546,0.0263502,0.0248608,0.200832,0.134255,-0.0596511,0.0725033,0.0766536,0.00550441,0.169981,0.0636492,0.135167,0.150981,-0.0107623,0.062104,0.0371683,0.00778908,0.0274488,0.00151827,-0.0736819,-0.000498364,-0.0156071,0.160669,0.0849957,0.0181057,0.11409,0.0637703,0.0463385,-34522.6
-34184.7,0.743982,0.462414,3,7,0,34203.5,0.00842298,0.980075,0.194229,-0.0479026,0.256619,0.106917,0.292,0.172916,0.0186685,0.0275348,0.191423,0.140025,-0.0536376,0.100583,0.0623663,-0.0333105,0.150401,0.0645057,0.129022,0.156817,-0.0235316,0.0597317,0.0521624,0.00010793,0.0434505,0.0155478,-0.0794096,0.00359086,-0.0151468,0.195271,0.0535747,-0.00734565,0.167715,0.0866635,0.0385352,-34514.7
-34184.8,0.985169,0.462414,3,7,0,34199.3,-0.00123,0.976922,0.172588,-0.0589141,0.237401,0.129928,0.28423,0.183955,0.0119324,0.0309295,0.211965,0.146974,-0.0586877,0.0656942,0.0654074,0.012703,0.163606,0.0962214,0.14582,0.159408,-0.00693407,0.0453723,0.058776,0.0028212,0.0238893,0.0332854,-0.100552,0.00963614,-0.0219755,0.182951,0.108306,0.0301871,0.136339,0.0993242,0.0626549,-34549.4
-34188.1,0.886412,0.462414,3,7,0,34205.1,0.00837869,0.981503,0.184625,-0.0650541,0.244919,0.0925584,0.273892,0.183789,0.0198182,0.0245791,0.202926,0.126243,-0.038845,0.113506,0.0797725,-0.0260871,0.166282,0.0592667,0.139652,0.140366,-0.019467,0.0451243,0.0515017,-0.0184537,0.0519569,-0.0063596,-0.0540398,-0.0018231,-0.00183364,0.0772464,0.116279,-8.9798e-06,0.149179,0.091005,0.0398137,-34487.5
-34189.5,0.870346,0.462414,3,7,0,34210.4,0.000757218,0.977951,0.174582,-0.0622182,0.238933,0.140575,0.300102,0.17693,0.0160124,0.0247417,0.210658,0.150154,-0.067768,0.0748996,0.0579363,0.0136686,0.16966,0.0940627,0.142634,0.141533,-0.0124289,0.0587841,0.0722363,0.00983276,0.00996771,0.0264825,-0.0988799,-0.00935916,-0.0290703,0.0937871,0.0740992,0.00844837,0.291722,0.11753,0.0479361,-34567.9
-34181.7,0.759741,0.462414,3,7,0,34209.7,0.00600665,0.979054,0.189779,-0.061027,0.240482,0.0951515,0.28615,0.183452,0.00514613,0.0359228,0.222587,0.132959,-0.053642,0.0931991,0.0753416,-0.0225557,0.170508,0.0715954,0.142157,0.134178,-0.0256775,0.0462205,0.0507147,-0.0114181,0.0398447,0.00456835,-0.0705426,-0.000116844,0.00864602,0.0727484,0.0745067,-0.00667901,0.108074,0.0664551,0.0747539,-34524.6
-34184.3,0.915529,0.462414,3,7,0,34194.8,-0.000215492,0.975209,0.172537,-0.0548544,0.244184,0.110415,0.283642,0.166357,0.0137323,0.02382,0.211335,0.14708,-0.050878,0.0691296,0.084677,-0.0176496,0.142371,0.0788236,0.139678,0.123708,-0.0186372,0.0573679,0.0553466,-0.0153129,0.0447953,0.0161168,-0.073806,0.00337054,-0.0137139,0.155622,0.0803491,-0.0115802,0.131688,0.113166,0.0701867,-34500.4
-34186.2,0.868874,0.462414,3,7,0,34203.8,0.000186224,0.979557,0.193511,-0.0676669,0.223895,0.13204,0.28559,0.178878,0.0163364,0.0381037,0.208959,0.150956,-0.0594471,0.0940517,0.0428372,-0.00692625,0.192028,0.0717362,0.139785,0.147429,-0.00695729,0.0437894,0.0784716,0.0105173,0.0453698,0.00908235,-0.0695047,-0.00649765,-0.00179101,0.147331,0.10041,0.0381426,0.165017,0.114186,0.102747,-34556.6
-34188.5,0.82065,0.462414,3,7,0,34206.9,0.00344158,0.980664,0.196678,-0.0464067,0.227306,0.109556,0.287571,0.172861,0.0271149,0.0211853,0.21592,0.139934,-0.0714062,0.0812749,0.0448631,-0.00122701,0.177374,0.0738502,0.118798,0.139815,0.000392921,0.0555077,0.0719454,-0.00989922,0.0425163,0.00691264,-0.0620833,0.01588,-0.0135532,0.154681,0.121891,0.0236484,0.19634,0.144949,0.0703562,-34520.2
-34186.4,0.989975,0.462414,3,7,0,34200.2,0.00495003,0.979474,0.171372,-0.0821928,0.247121,0.117797,0.292372,0.190039,0.0074217,0.032425,0.2071,0.135163,-0.0413164,0.103113,0.0925309,-0.00646432,0.160253,0.0829519,0.170934,0.153472,-0.0231002,0.0566721,0.0473666,0.0175849,0.0269528,0.0178932,-0.0931842,-0.0235315,-0.00666572,0.104497,0.0721918,-0.00318586,0.0936411,0.053745,0.0440058,-34557.4
-34188.6,0.818909,0.462414,3,7,0,34207.7,0.0010604,0.975828,0.179607,-0.0813439,0.250775,0.11081,0.286638,0.186506,0.0106597,0.0356993,0.209267,0.139728,-0.0319278,0.0926723,0.0913723,-0.00643381,0.162906,0.094291,0.171437,0.152581,-0.0331761,0.0530652,0.0400374,0.0184575,0.0344547,0.0127062,-0.0977337,-0.0294339,-0.00912355,0.13158,0.0767127,0.00474666,0.10479,0.0708644,0.0414395,-34563.2
-34182.7,1,0.462414,3,7,0,34201.7,0.00846017,0.981204,0.186182,-0.0680075,0.240857,0.104183,0.285431,0.192745,0.0241366,0.0193736,0.208229,0.140465,-0.06741,0.0945631,0.0500675,-0.0125664,0.158493,0.0644786,0.110806,0.142593,-0.0156374,0.0550785,0.0648902,0.0193547,0.0390222,0.0023655,-0.0644843,0.0023135,-0.00693749,0.133005,0.101945,0.014158,0.122048,0.0748692,0.0620809,-34509.9
-34187.4,0.588423,0.462414,3,7,0,34204.7,0.00166972,0.971022,0.181165,-0.0547872,0.248613,0.108464,0.290669,0.179472,0.00626885,0.0224056,0.193479,0.138784,-0.0630487,0.0959822,0.0829348,-0.00036208,0.180105,0.0585317,0.146199,0.16358,-0.0204056,0.0497709,0.0770647,-0.0111434,0.039083,0.00984591,-0.0763702,0.00673448,-0.00561607,0.0840783,0.103651,0.048869,0.133762,0.0702577,0.0499632,-34562.6
-34183.4,0.952906,0.462414,3,7,0,34200.3,0.00552869,0.983308,0.180359,-0.0620298,0.234142,0.11992,0.270897,0.176793,0.0220866,0.0179552,0.215122,0.134836,-0.0542811,0.070228,0.0523691,-0.00722238,0.159636,0.092523,0.149997,0.142862,0.0120064,0.0642746,0.0514757,0.0140846,0.0257683,0.0191371,-0.0813723,-0.0111246,-0.0191665,0.127115,0.0809414,-0.0105675,0.152432,0.0969001,0.0571855,-34492.5
-34186.1,0.874381,0.462414,3,7,0,34202,-0.00412804,0.977943,0.199158,-0.051568,0.231333,0.10377,0.28628,0.191695,0.0122728,0.0414752,0.216986,0.138937,-0.059787,0.107354,0.0643173,-0.00951352,0.170397,0.0659271,0.141289,0.13624,0.0176036,0.0561469,0.0633705,0.0104074,0.0282642,0.0346347,-0.0666201,0.0124566,-0.0202974,0.0928403,0.069129,0.0274346,0.103237,0.0755152,0.0476839,-34543.7
-34183.3,0.810028,0.462414,3,7,0,34205,-0.00374489,0.977541,0.195947,-0.0518173,0.232628,0.115121,0.284235,0.182127,0.0130785,0.0381985,0.216416,0.124772,-0.0534448,0.11335,0.0708457,-0.00303106,0.170644,0.0591361,0.134196,0.131712,0.0111457,0.0583163,0.0634855,0.00550925,0.0341969,0.034624,-0.0721981,0.0172564,-0.00699978,0.147867,0.0672285,0.0184038,0.10863,0.0653463,0.0469132,-34538.7
-34179.4,1,0.462414,3,7,0,34194.8,0.00954877,0.980774,0.160502,-0.060154,0.225437,0.110568,0.281013,0.186231,0.0214703,0.0190082,0.210874,0.129743,-0.052805,0.0924209,0.0637211,-0.00655034,0.149216,0.0847093,0.132805,0.164384,-0.00952672,0.0501175,0.0438762,0.00408016,0.0303252,0.0148249,-0.089274,-0.00559185,-0.0257996,0.115313,0.0990115,-0.00737946,0.103256,0.070681,0.0450835,-34487.1
-34182.5,0.823033,0.462414,3,7,0,34197.4,0.00984537,0.98097,0.15698,-0.0575259,0.224275,0.108678,0.284538,0.191227,0.0222257,0.0225419,0.20606,0.13145,-0.0665356,0.0908342,0.0671362,0.00512675,0.146456,0.0914129,0.134913,0.160328,-0.0119904,0.0624315,0.0398619,0.00538161,0.0224563,0.0175934,-0.0849522,0.00256965,-0.0286573,0.144661,0.0962443,0.00505941,0.108098,0.075233,0.0490203,-34487.3
-34183.2,0.828042,0.462414,3,7,0,34200.1,-0.00227292,0.982067,0.203378,-0.0672708,0.251704,0.125998,0.289996,0.175858,0.0123769,0.0316216,0.220823,0.153362,-0.0407899,0.0913255,0.0650255,-0.0197348,0.180779,0.0638749,0.147219,0.124703,-0.0150331,0.0376485,0.0739219,-0.0133265,0.0339414,0.00770097,-0.0696112,-0.00397566,0.00578162,0.124789,0.09192,-0.000329715,0.187875,0.0921464,0.039711,-34565.7
-34178.1,0.882671,0.462414,3,7,0,34198.7,0.00630814,0.980146,0.162247,-0.0676878,0.22204,0.102662,0.287234,0.18551,0.0233591,0.0236702,0.200099,0.127859,-0.0537363,0.0902224,0.0687262,0.0100031,0.157125,0.0836965,0.134116,0.15477,-0.00767514,0.0520585,0.0486973,-0.000531198,0.0300709,0.0131092,-0.0824303,-0.000771057,-0.027105,0.138075,0.088027,0.00460956,0.0929364,0.0569879,0.0416492,-34482.7
-34178.1,0.494479,0.462414,3,7,0,34196.6,0.00630814,0.980146,0.162247,-0.0676878,0.22204,0.102662,0.287234,0.18551,0.0233591,0.0236702,0.200099,0.127859,-0.0537363,0.0902224,0.0687262,0.0100031,0.157125,0.0836965,0.134116,0.15477,-0.00767514,0.0520585,0.0486973,-0.000531198,0.0300709,0.0131092,-0.0824303,-0.000771057,-0.027105,0.138075,0.088027,0.00460956,0.0929364,0.0569879,0.0416492,-34482.7
-34182.2,0.647945,0.462414,3,7,0,34196.8,0.00122093,0.976686,0.183864,-0.0602974,0.245678,0.126698,0.275502,0.193197,0.00939729,0.0370133,0.218721,0.159082,-0.0645848,0.102593,0.0712663,-0.0296251,0.169786,0.0706406,0.13652,0.13831,-0.0162885,0.0572339,0.059389,0.00727098,0.0407507,0.0128114,-0.0707682,0.00554373,0.00644121,0.109708,0.0817467,0.0270263,0.184199,0.110449,0.0487917,-34561.1
-34181.8,0.852655,0.462414,3,7,0,34198.2,-0.00378707,0.974231,0.190794,-0.0707656,0.223621,0.119924,0.289214,0.196525,0.0101784,0.0423176,0.221657,0.142817,-0.0641296,0.0977243,0.0705403,-0.00928551,0.168338,0.0751144,0.148545,0.139635,-0.00763314,0.0398015,0.0674258,-0.010879,0.0320532,0.0194164,-0.06687,0.0112014,-0.0117627,0.176473,0.0500134,0.0196908,0.154035,0.094349,0.0557593,-34569
-34188.3,0.715876,0.462414,3,7,0,34208.4,0.00961684,0.982136,0.164324,-0.0872498,0.249918,0.105861,0.2847,0.170734,0.0242365,0.00901104,0.226989,0.154487,-0.04022,0.0797988,0.06442,-0.00836096,0.177199,0.0716049,0.150432,0.153806,-0.0214023,0.0453736,0.0443502,-0.014391,0.0252955,0.0194031,-0.0629073,0.0194143,-0.0119772,0.151722,0.0627711,0.0133825,0.235213,0.121784,0.0351049,-34531.5
-34188.6,0.971246,0.462414,3,7,0,34204.8,0.00928316,0.976082,0.159882,-0.0766626,0.243859,0.111054,0.294227,0.202369,0.0275565,0.0121904,0.212265,0.158458,-0.0502575,0.0876901,0.0730695,-0.0125569,0.184725,0.0634315,0.12607,0.142108,-0.0262053,0.0478998,0.0369969,-0.0121504,0.0192021,0.00669714,-0.0698589,-0.00101964,-0.0255501,0.132695,0.0632782,-0.00785283,0.250784,0.125341,0.0331506,-34539.6
-34183.6,0.940759,0.462414,3,7,0,34202.9,-0.00194515,0.971819,0.169919,-0.0792413,0.243689,0.132739,0.28746,0.197562,0.0224288,0.0149236,0.204766,0.145918,-0.0532108,0.0884081,0.0651854,-0.00225652,0.166315,0.0772198,0.137737,0.152254,-0.015479,0.056099,0.0371582,0.0036497,0.0248624,0.00872788,-0.066371,-0.00427072,-0.0248235,0.188737,0.0535426,-0.00739123,0.187032,0.0929185,0.0414828,-34555.6
-34184.5,0.97122,0.462414,3,7,0,34198.6,-0.000377068,0.970534,0.172385,-0.0833519,0.25334,0.126221,0.282199,0.19197,0.019301,0.0156007,0.203955,0.145259,-0.0429579,0.081322,0.0579985,-0.00482915,0.162823,0.0816035,0.136931,0.151872,-0.0152745,0.056654,0.0454725,0.00513025,0.0324876,0.00662899,-0.0690831,-0.00130401,-0.0248883,0.183544,0.0751286,0.00921779,0.202341,0.110325,0.0388581,-34550.7
-34188.3,0.937764,0.462414,3,7,0,34202.9,0.000643172,0.982664,0.182769,-0.069181,0.267627,0.124137,0.27243,0.161715,0.023362,0.0368578,0.194462,0.129258,-0.0443373,0.0942159,0.0698297,-0.00174724,0.173237,0.0747263,0.135486,0.159768,-0.0278011,0.0586291,0.0364465,-0.0198884,0.0249487,0.0217859,-0.0718564,-0.0120448,-0.0273314,0.205327,0.0908237,0.00522843,0.155702,0.0450612,0.0367298,-34507.4
-34187.3,0.648875,0.462414,3,7,0,34214.1,0.00579778,0.975374,0.187318,-0.0642354,0.242987,0.108138,0.29431,0.18547,0.0167738,0.0190424,0.228077,0.156783,-0.0541805,0.0594633,0.0570725,-0.00418004,0.161722,0.0712592,0.156549,0.142442,-0.00167844,0.0482144,0.0735904,0.0119139,0.0348256,0.0170275,-0.0864485,0.0128679,-0.00849258,0.0626095,0.0766774,-0.000315652,0.109398,0.162364,0.0766756,-34569.2
-34189,0.933417,0.462414,3,7,0,34207.7,-0.000682407,0.981437,0.157495,-0.0896953,0.236393,0.0996262,0.289492,0.188878,0.00510555,0.0216665,0.212357,0.13811,-0.0357747,0.105844,0.0759199,-0.0166712,0.164023,0.0812249,0.117269,0.149658,-0.0359155,0.0547127,0.0587322,0.0192018,0.0246433,0.0182289,-0.077232,-0.0101794,-0.00635856,0.135645,0.0829169,0.017609,0.205409,0.05956,0.042266,-34508.2
-34189.3,0.820473,0.462414,3,7,0,34209.3,0.00768228,0.974498,0.201071,-0.0392643,0.248738,0.117803,0.281042,0.176428,0.03169,0.0308529,0.203502,0.146894,-0.0744577,0.0641212,0.0725187,0.0172378,0.17663,0.0622446,0.164345,0.131924,-0.00784484,0.0530742,0.0536198,-0.0153407,0.0256219,-0.000998916,-0.0733372,-0.0109973,0.000948784,0.133261,0.0909648,-0.0130266,0.0734801,0.10302,0.0482689,-34546
-34189.1,0.878326,0.462414,3,7,0,34207.6,0.00229368,0.984099,0.181603,-0.0516852,0.234556,0.110609,0.26523,0.171198,0.000681814,0.0266988,0.18852,0.143247,-0.0602649,0.0994726,0.0621425,-0.0125893,0.18901,0.0917032,0.154217,0.141547,-0.038299,0.0428402,0.0696931,-0.00628937,0.0274832,0.00124592,-0.0711861,-0.00188173,-0.000713891,0.140275,0.106228,0.0126983,0.200573,0.0706107,0.0431936,-34478.7
-34187.6,1,0.462414,3,7,0,34203.3,0.00175976,0.97359,0.187266,-0.0890142,0.242957,0.117099,0.292227,0.197305,0.0212932,0.0404654,0.209649,0.142783,-0.0359231,0.0862912,0.0583264,0.010198,0.179003,0.0718235,0.116306,0.157878,-0.00101406,0.0564932,0.048785,-0.00235326,0.0321432,0.01767,-0.0857387,-0.00225206,-0.00174782,0.110981,0.0658168,-0.0195112,0.18099,0.0864023,0.0708762,-34576
-34184.6,0.950736,0.462414,3,7,0,34206.1,0.00140295,0.974591,0.182078,-0.0890104,0.231959,0.123919,0.29057,0.181945,0.0153925,0.0311663,0.207291,0.148189,-0.0371656,0.0920125,0.0613168,-0.00113449,0.182248,0.0690532,0.116476,0.151644,0.00361472,0.0433396,0.0561668,-0.0102659,0.0315813,0.0250672,-0.0855709,-0.00624134,-0.00507776,0.0898753,0.0656751,-0.0126829,0.183361,0.0975733,0.0644009,-34555.9
-34191,0.798091,0.462414,3,7,0,34204.4,-0.00212528,0.974311,0.193097,-0.0807954,0.219501,0.120795,0.290161,0.191379,0.0161866,0.0379775,0.206131,0.154863,-0.0413797,0.0920701,0.056031,0.00357419,0.179389,0.0656823,0.113218,0.145467,0.00857777,0.0447118,0.0496764,-0.00146713,0.0328527,0.0302793,-0.0795327,-0.000842738,-4.21267e-05,0.0802902,0.061334,-0.0148246,0.17948,0.112947,0.0628181,-34553.2
-34192.8,0.970148,0.462414,3,7,0,34210,0.00691089,0.983443,0.179737,-0.0629444,0.249913,0.11823,0.271539,0.166259,0.0111891,0.0315566,0.208963,0.134118,-0.0454139,0.110721,0.0865644,-0.011526,0.170173,0.0826903,0.149604,0.150678,-0.0289497,0.0467668,0.0576838,-0.0209902,0.044731,-0.0115853,-0.0928651,0.0111403,-0.0330199,0.187631,0.147463,-0.00545573,0.0874948,0.0616255,0.0466499,-34517.5
-34192.8,0.947359,0.462414,3,7,0,34213.2,0.000426061,0.979576,0.18779,-0.0641936,0.223899,0.120238,0.304477,0.196522,0.0249938,0.024965,0.20593,0.141018,-0.0583456,0.0689381,0.0420849,-0.0074347,0.166198,0.0661941,0.133213,0.143476,0.00329078,0.0589712,0.0568837,0.00828095,0.0270575,0.0323905,-0.0599424,-0.0163578,0.0113009,0.016405,-0.0210499,0.0111576,0.227659,0.205115,0.0358114,-34535.4
-34188.6,0.992381,0.462414,3,7,0,34205.6,0.00429065,0.978036,0.184266,-0.0594767,0.241149,0.101462,0.279054,0.182001,0.0144239,0.031552,0.221896,0.146465,-0.0500345,0.098765,0.0991905,-0.0150117,0.166181,0.0710367,0.148059,0.136848,-0.0149833,0.0463515,0.0729995,-0.0316758,0.0376872,0.0164049,-0.0879123,0.00160143,-0.0357314,0.111022,-0.00258175,0.00517274,0.157514,0.113248,0.0735032,-34538.7
-34185.1,0.959881,0.462414,3,7,0,34205.6,0.00260781,0.975453,0.153104,-0.0695912,0.248266,0.107601,0.292574,0.164398,-0.00144427,0.032708,0.21831,0.137225,-0.0542115,0.0924147,0.0583907,-0.0222549,0.191424,0.07939,0.150165,0.140893,-0.00960076,0.0583485,0.0575891,-0.0181597,0.0477563,0.00802477,-0.080801,-0.000863195,0.00687829,0.177975,0.0925798,0.00667352,0.104632,0.0808416,0.0502023,-34544.5
-34183.6,0.946132,0.462414,3,7,0,34201.3,0.00469859,0.980738,0.204496,-0.061731,0.238143,0.126749,0.28964,0.190032,0.0203208,0.0254573,0.205957,0.147471,-0.0484825,0.0919664,0.0770937,0.0093283,0.151611,0.0837113,0.146686,0.131852,-0.0150668,0.0332512,0.040537,0.0150193,0.00326729,0.00802123,-0.0640136,-0.00761263,-0.0142338,0.0555844,0.0915749,-0.00226239,0.173369,0.0802161,0.0273502,-34533.1
-34183.2,0.677243,0.462414,3,7,0,34204.6,-0.000104112,0.978721,0.196138,-0.0569655,0.244802,0.125829,0.294908,0.196301,0.0133309,0.0297363,0.200302,0.149087,-0.0580964,0.0982215,0.0792545,0.0126744,0.151231,0.0808569,0.154901,0.138065,-0.014646,0.0432956,0.0449421,0.0180713,0.0113075,0.0095628,-0.0591892,-0.0131354,-0.0184893,0.104705,0.10115,0.00498272,0.184352,0.0803427,0.0380665,-34552.6
-34187.1,0.771468,0.462414,3,7,0,34200.2,0.00724451,0.978785,0.164144,-0.0608762,0.248569,0.105919,0.27665,0.156177,0.0167945,0.00517739,0.219265,0.12762,-0.0420167,0.0979265,0.0578457,-0.0129162,0.186597,0.0780204,0.144111,0.157005,-0.0244287,0.0628641,0.0612414,-0.00137317,0.0348304,0.0270923,-0.093263,0.0140903,-0.0080281,0.092382,0.123911,-0.00484154,0.145974,0.0837402,0.0525612,-34518.1
-34189.3,0.830785,0.462414,3,7,0,34213.2,-0.000325529,0.9787,0.203064,-0.0643745,0.237172,0.135514,0.288114,0.198776,0.0145469,0.0391441,0.201109,0.15127,-0.0765147,0.0725232,0.0596282,0.00278976,0.146582,0.090814,0.1447,0.135519,-0.00600994,0.0585642,0.0661419,0.00190359,0.0234609,0.00801608,-0.0958218,-0.0057299,-0.0176062,0.167002,0.046043,-0.0261638,0.103297,0.105755,0.108727,-34556.1
-34189.5,0.901457,0.462414,3,7,0,34207.1,0.00760231,0.981755,0.163284,-0.062033,0.238538,0.0997977,0.287297,0.157851,0.0215018,0.00815059,0.214148,0.136585,-0.0369281,0.109178,0.0789631,-0.0164713,0.188292,0.0653434,0.140353,0.157186,-0.0184801,0.044307,0.0521519,-0.00989014,0.0403623,0.00911722,-0.0600696,-0.00769252,-0.0102594,0.104629,0.17073,-0.0341429,0.138429,0.0942732,0.0658205,-34507.3
-34187.9,0.984106,0.462414,3,7,0,34202.7,0.0029949,0.979121,0.197223,-0.0663893,0.239683,0.131275,0.28666,0.203957,0.0123997,0.0541513,0.205135,0.147955,-0.0622071,0.0667693,0.0575682,0.00111701,0.152102,0.0876631,0.141958,0.133831,-0.0114851,0.0530436,0.059295,-0.00017634,0.016692,0.00670875,-0.0956708,-0.00391137,-0.009266,0.147298,0.0103486,0.025497,0.144458,0.0775385,0.0355464,-34544.3
-34190,1,0.462414,3,7,0,34206,0.00665982,0.977466,0.168699,-0.0620225,0.225197,0.107773,0.2733,0.152614,0.00863869,0.0183173,0.213771,0.130197,-0.0349146,0.102928,0.0635602,0.00579614,0.161354,0.0703785,0.122718,0.166368,-0.00677543,0.0488501,0.0682175,-0.0133303,0.0310921,0.0183571,-0.0754462,-0.0149246,-0.0195817,-0.0207594,0.0939236,-0.0252644,0.173121,0.105563,0.0692803,-34487.7
-34184.3,1,0.462414,3,7,0,34201.9,0.00307323,0.977599,0.192997,-0.065683,0.248927,0.124332,0.293251,0.207667,0.023168,0.0363451,0.202345,0.153992,-0.0756351,0.0840263,0.0724784,-0.0133101,0.179635,0.0831366,0.160838,0.129386,-0.0174699,0.057313,0.0442017,0.00296678,0.029565,0.0037314,-0.0738289,0.0107547,0.00166661,0.230927,0.0781505,0.0109729,0.115035,0.0731685,0.0388611,-34576.3
-34189.1,0.900565,0.462414,3,7,0,34201.4,0.00658747,0.979738,0.174675,-0.0590797,0.246353,0.133616,0.294801,0.203408,0.0244639,0.0495271,0.219029,0.163886,-0.0693953,0.09341,0.0705651,0.00199414,0.184457,0.0706631,0.159361,0.135653,-0.0184989,0.0508187,0.0431847,0.00850452,0.0334963,0.0229047,-0.0667445,0.019131,0.00216252,0.214309,0.102389,0.0079882,0.211039,0.0674087,0.0379609,-34594
-34177.8,1,0.462414,3,7,0,34195.8,9.59607e-05,0.978736,0.176775,-0.0560272,0.234223,0.105282,0.292493,0.190994,0.0158346,0.0140504,0.213325,0.127325,-0.053852,0.0924761,0.0581429,-0.0144476,0.151139,0.0755478,0.144149,0.140995,-0.0117177,0.065928,0.0487456,4.77197e-05,0.0218095,0.0108707,-0.0710484,-0.00615811,-0.00877126,0.191617,0.0945673,0.0125778,0.154842,0.121963,0.0356209,-34506.2
-34178.2,0.874153,0.462414,3,7,0,34190.7,0.00114639,0.977688,0.179744,-0.0543316,0.250495,0.106251,0.295932,0.202435,0.0225892,0.0128263,0.202505,0.134101,-0.0627665,0.0770439,0.0679003,-0.010552,0.174423,0.0919389,0.127299,0.145353,-0.00386025,0.052812,0.0445104,0.00196088,0.0223214,0.0134855,-0.0688241,-0.00132413,-0.0045343,0.0992951,0.0840845,0.00543713,0.146479,0.0835452,0.0342018,-34533.6
-34178.6,0.851335,0.462414,3,7,0,34191.9,0.00598721,0.979588,0.177748,-0.060334,0.221131,0.131876,0.283402,0.159782,0.011079,0.0438054,0.220831,0.142448,-0.0578904,0.100336,0.0602956,-0.000893001,0.157539,0.0755743,0.150328,0.138498,-0.00893345,0.0527764,0.0695669,0.000286499,0.0320673,0.0166538,-0.099202,-0.00331129,-0.0115483,0.156553,0.0802593,0.012313,0.103284,0.0706474,0.0583838,-34528.7
-34189.4,0.643187,0.462414,3,7,0,34199.8,0.00102998,0.978003,0.198023,-0.0630653,0.233124,0.101461,0.282563,0.202338,0.0247352,0.0172692,0.201788,0.136482,-0.0552234,0.0787591,0.0723853,0.00888447,0.182688,0.0690338,0.138732,0.157376,-0.0261291,0.0621435,0.0809054,-0.0106912,0.0173699,0.00260827,-0.0501306,-0.0148023,-0.0164362,0.10411,0.172339,0.029372,0.13312,0.153638,0.0773351,-34532.3
-34188.5,0.941711,0.462414,3,7,0,34208.4,0.00785391,0.979481,0.176543,-0.0632631,0.24243,0.132006,0.288015,0.162351,0.00816696,0.0453383,0.222455,0.14463,-0.0537453,0.0973634,0.0659617,-0.0232113,0.154923,0.0759244,0.1496,0.136354,-0.00468302,0.0309464,0.0237271,0.00419773,0.0307707,0.0223455,-0.0921163,0.00304267,0.00549941,0.0602727,0.0640227,0.0245358,0.154644,0.0707303,0.0470264,-34535.1
-34185.7,1,0.462414,3,7,0,34202.3,-0.00160122,0.978481,0.19385,-0.0663219,0.256973,0.105574,0.300099,0.211248,0.0131192,0.0320601,0.221741,0.137693,-0.0455263,0.067874,0.06478,-0.00573809,0.154048,0.0831663,0.128714,0.132114,-0.0179324,0.0582211,0.0613381,-0.00139153,0.0349753,0.0283259,-0.0777388,-0.00794001,-0.0243757,0.114469,0.113376,-0.0145225,0.177857,0.0930944,0.0356326,-34562.1
-34187.9,0.793143,0.462414,3,7,0,34206.2,0.00450721,0.979071,0.16541,-0.0694293,0.216052,0.125568,0.270935,0.150417,0.0204785,0.0248562,0.192246,0.153602,-0.0598705,0.109341,0.0727018,-0.000748863,0.181206,0.0683368,0.152082,0.163075,-0.0160668,0.0435568,0.0575804,-0.00740202,0.0269383,0.003505,-0.0761714,0.00673519,0.000666457,0.136297,0.0801127,0.0564611,0.0853571,0.0682776,0.0907702,-34496.7
-34184.4,0.859022,0.462414,3,7,0,34204.2,0.00248059,0.978353,0.172155,-0.0677522,0.251464,0.0830606,0.290986,0.198702,0.0231299,0.0246239,0.201547,0.138032,-0.0421637,0.0976166,0.0809905,-0.0137506,0.162101,0.076049,0.138853,0.156277,0.0045206,0.046239,0.0563241,0.00133579,0.0379616,9.76654e-05,-0.0807477,0.00292243,-0.0191916,0.0983904,0.108554,0.0459749,0.126901,0.0827086,0.0746862,-34523
-34182.4,0.756455,0.462414,3,7,0,34205.9,0.00458123,0.979902,0.17988,-0.0628097,0.221,0.141098,0.299166,0.161628,0.0146414,0.0135995,0.208542,0.138402,-0.0743006,0.0788392,0.0643497,-0.00139783,0.171818,0.0705768,0.165517,0.140848,-0.00995754,0.0698044,0.07144,-0.00913732,0.0193385,0.0128103,-0.067518,-0.0079579,-0.000390487,0.174004,0.0715429,0.00976198,0.165005,0.0983626,0.0424944,-34542.4
-34184.2,0.849444,0.462414,3,7,0,34197.1,0.00244395,0.978419,0.176702,-0.0779403,0.238232,0.118166,0.279934,0.188474,0.00793653,0.0169799,0.20304,0.162112,-0.0558743,0.0815393,0.0525353,0.00405397,0.180022,0.0716137,0.151211,0.146447,-0.00352205,0.0553692,0.0774683,-0.00347803,0.0110279,0.0208654,-0.0472281,0.00457668,-0.0162096,0.143947,0.0757488,-0.00745543,0.133858,0.085486,0.0500121,-34533.7
-34192.2,0.794552,0.462414,3,7,0,34209.1,0.00479212,0.979871,0.192067,-0.0544865,0.249478,0.11004,0.290902,0.190647,0.0364084,0.0390316,0.199513,0.115367,-0.0569995,0.0852977,0.0919048,-0.0247305,0.147284,0.0649185,0.129263,0.166585,-0.0174823,0.0479364,0.0342957,-4.2529e-05,0.0559311,0.00915298,-0.0878812,-0.0108487,-0.00676266,0.15412,0.151897,-0.00597796,0.130183,0.121804,0.0421918,-34524.5
-34184.8,0.957091,0.462414,3,7,0,34207.2,0.00383601,0.974285,0.182773,-0.0713328,0.239659,0.0927584,0.27362,0.191786,0.031042,0.0335381,0.199764,0.143199,-0.0595369,0.0826052,0.0749489,-0.0144078,0.163459,0.0764346,0.141712,0.16327,0.000666184,0.0511453,0.0691335,0.00786381,0.0237435,0.0218058,-0.0661432,-0.0148985,-0.0208307,0.215501,0.0502973,0.0257487,0.135975,0.0710792,0.0464973,-34517.3
-34182.3,0.842194,0.462414,3,7,0,34204.1,0.00281793,0.979691,0.184572,-0.047318,0.250612,0.12958,0.29219,0.176289,0.00362746,0.0390026,0.213093,0.130394,-0.0564523,0.0754198,0.0711339,0.0074512,0.175184,0.0617186,0.127117,0.129832,-0.0208018,0.0502247,0.0567507,-0.0113871,0.0329785,-3.87081e-05,-0.0786454,0.00127257,0.00221358,0.0995886,0.11247,-0.0120886,0.186069,0.0906072,0.0386852,-34533.7
-34183.7,0.773586,0.462414,3,7,0,34199.9,-0.00159582,0.983073,0.176147,-0.0845847,0.232319,0.0983487,0.279385,0.181969,0.0300478,0.0144386,0.212555,0.152208,-0.0435601,0.0966541,0.0672456,-0.00224138,0.170033,0.0918934,0.161476,0.150645,-0.00771784,0.0473459,0.0680568,0.0141919,0.0308786,0.0178644,-0.0786325,-0.0142332,-0.0132427,0.148604,0.0700909,0.0282514,0.0901085,0.0660487,0.0495393,-34524.7
-34188,0.827675,0.462414,3,7,0,34202.6,0.00723226,0.974657,0.169134,-0.05349,0.212984,0.135224,0.279088,0.168297,0.0085379,0.0276032,0.219757,0.151647,-0.0586597,0.0784565,0.0753935,0.00179466,0.156699,0.0682515,0.14389,0.136561,-0.0262358,0.0569464,0.0585825,0.00480539,0.0210691,0.0162221,-0.0823867,0.0137052,0.0065715,0.0982226,0.122191,0.0467038,0.125967,0.113872,0.078575,-34516.8
-34193.8,0.731144,0.462414,3,7,0,34209.5,0.00509191,0.979947,0.196347,-0.0588366,0.256168,0.112521,0.286455,0.198961,0.00449,0.0243978,0.223081,0.158778,-0.0664966,0.119083,0.0662458,-0.00265718,0.181855,0.0617303,0.161587,0.134485,-0.021378,0.0638391,0.0612066,-0.0182078,0.0528934,0.0161368,-0.0650138,-0.0206792,-0.0268612,0.182047,0.131891,0.0353676,0.123316,0.0828052,0.0839614,-34597.2
-34201.6,0.873935,0.462414,3,7,0,34219,0.00241738,0.985305,0.17758,-0.063499,0.237676,0.108488,0.284637,0.200087,0.00241799,0.029007,0.214382,0.142534,-0.0729999,0.11731,0.0569291,-0.00826416,0.169535,0.0624769,0.159355,0.143457,-0.00216278,0.0690656,0.0642579,0.00752518,0.0628408,-0.00186522,-0.0653411,-0.0246719,-0.0408252,0.191032,0.156609,0.0658177,0.12607,0.104261,0.0690462,-34540.3
-34194.1,1,0.462414,3,7,0,34217,0.00354211,0.978838,0.185332,-0.0713917,0.244922,0.125301,0.283447,0.19069,0.00226787,0.0248364,0.230492,0.147052,-0.0691638,0.102594,0.0432158,-0.0154783,0.186,0.0695669,0.148153,0.131451,-0.000822146,0.0703499,0.0741245,0.0181876,0.0442497,0.00965127,-0.0686098,-0.00119405,-0.0334255,0.17164,0.166498,0.0585506,0.161625,0.140087,0.0541006,-34577
-34192.8,0.932223,0.462414,3,7,0,34210.2,0.0038985,0.978471,0.187821,-0.0495777,0.210937,0.11235,0.288471,0.161533,0.0263424,0.0228104,0.188295,0.121504,-0.053573,0.0859605,0.0880285,0.0110332,0.160591,0.0853611,0.151133,0.166275,-0.016614,0.0474325,0.0647065,0.00264083,0.0108909,0.0042183,-0.0937335,-0.00481027,0.00867384,0.0802912,0.150365,-0.0156917,0.0905667,0.118295,0.0856991,-34494.8
-34190.1,0.935328,0.462414,3,7,0,34208.5,0.00323572,0.977451,0.180524,-0.0664563,0.264515,0.117561,0.276612,0.204034,0.0150106,0.0223012,0.228717,0.146049,-0.0603514,0.0886019,0.0413429,-0.00973267,0.172631,0.083232,0.148456,0.135236,-0.00801363,0.0589601,0.0564901,-0.0106379,0.0433297,0.0174792,-0.0775957,0.00191099,-0.0386465,0.195579,0.0128803,0.00820688,0.198339,0.0727798,0.0344374,-34568.8
-34186.5,0.988872,0.462414,3,7,0,34208,0.00398402,0.978685,0.189427,-0.0745254,0.259299,0.125203,0.293545,0.204237,0.0194173,0.0415385,0.200449,0.126259,-0.0699572,0.0781541,0.0667104,0.00644452,0.154452,0.0531118,0.145938,0.159348,-0.00138022,0.0464343,0.0667679,-0.013629,0.0169008,0.0397575,-0.0690101,-0.0109364,-0.0175672,0.154749,0.0534847,0.0039902,0.141625,0.118051,0.0433215,-34561.9
-34181.5,0.88293,0.462414,3,7,0,34203.2,0.00272138,0.9795,0.163622,-0.0691825,0.235312,0.116292,0.269127,0.181281,0.0287706,0.0126136,0.196866,0.127021,-0.0348133,0.102634,0.0694966,0.00550057,0.158038,0.0818573,0.157422,0.136218,-0.00624703,0.0361099,0.0462849,0.00370134,0.0283142,0.00867733,-0.0628841,0.0014827,-0.00588798,0.117878,0.125644,-0.00150798,0.0885005,0.0768046,0.0409733,-34473.5
-34182.4,0.817245,0.462414,3,7,0,34195.2,0.00594593,0.974666,0.175391,-0.0673176,0.227812,0.114585,0.273676,0.180544,0.0296128,0.0157064,0.196277,0.122247,-0.0353846,0.103565,0.067786,0.00876047,0.168355,0.0849677,0.156609,0.140786,-0.00510513,0.0369836,0.0467422,-0.00287989,0.0282063,0.00674519,-0.0642313,0.00923026,-9.64087e-06,0.106192,0.126993,0.0071606,0.0833196,0.0771284,0.0404214,-34495.8
-34186.2,0.746822,0.462414,3,7,0,34200.7,-0.000517979,0.98368,0.192419,-0.05557,0.250993,0.120665,0.299035,0.185122,0.00493919,0.0381401,0.229287,0.161624,-0.0596583,0.0773156,0.0757207,-0.0149633,0.161615,0.0633816,0.126472,0.151545,-0.0125802,0.0654968,0.0634219,-0.00212774,0.0286638,0.00731441,-0.0841288,-0.0206737,-0.0138164,0.130108,0.0727702,0.0088113,0.173149,0.13788,0.0562748,-34573.7
-34190.3,0.819977,0.462414,3,7,0,34211.9,0.00325477,0.97489,0.188128,-0.0438883,0.24529,0.124179,0.287582,0.162257,0.0179384,0.0225387,0.213866,0.140703,-0.0478284,0.102131,0.0536729,-0.017746,0.16526,0.079994,0.151966,0.120891,-0.0247869,0.0282103,0.0721353,-0.0450758,0.0338901,0.0239774,-0.0755954,-0.0128189,0.00305905,0.0845432,0.0514215,-0.00737275,0.111947,0.0893962,0.0388536,-34540.9
-34186.6,0.977017,0.462414,3,7,0,34207.8,-0.00196005,0.980639,0.171028,-0.0485026,0.24282,0.130409,0.287247,0.169226,0.00842021,0.0204126,0.223037,0.123351,-0.0369962,0.0979051,0.0523931,-0.00272299,0.164276,0.0968579,0.153421,0.128404,-0.0214044,0.0336799,0.052495,-0.0222372,0.0353822,0.0189299,-0.0885458,-0.0118157,-0.0180539,0.141972,0.0941657,0.00245686,0.105029,0.0668984,0.0280239,-34523.1
-34188,0.873302,0.462414,3,7,0,34206.3,0.00598335,0.97722,0.189043,-0.0511156,0.241558,0.10801,0.274294,0.182497,0.0396765,0.0177784,0.204008,0.136978,-0.048936,0.0615333,0.0812405,-0.00150521,0.163885,0.0975596,0.127621,0.158849,-0.0117618,0.0341672,0.0400223,0.00188586,0.0338017,0.00767544,-0.0891509,-0.00202736,-0.0243453,0.14718,0.0869868,-0.0168724,0.0892122,0.0524079,0.0632673,-34505.5
-34182.2,0.792782,0.462414,3,7,0,34203.3,0.00372664,0.981279,0.17331,-0.056235,0.240888,0.120774,0.281235,0.187452,0.022259,0.0446411,0.20507,0.140796,-0.0603383,0.0829455,0.0892721,-0.0101307,0.154729,0.0898476,0.149183,0.156016,-0.0119946,0.0587939,0.0861849,-0.0132588,0.0348817,0.00653259,-0.0743366,0.00854246,-0.0105519,0.113704,0.0378124,-0.0181576,0.120761,0.101594,0.0515141,-34532.4
-34183.5,0.973115,0.462414,3,7,0,34197.1,0.00365798,0.976903,0.203946,-0.0702247,0.235099,0.112108,0.290161,0.189599,0.00978192,0.0110802,0.212684,0.130627,-0.0408334,0.0864772,0.0445904,-0.00314486,0.163643,0.0697854,0.133939,0.140996,-0.0067266,0.025842,0.0378511,-0.00184587,0.0254591,0.0275611,-0.0821159,0.00284617,-0.0191981,0.161496,0.100572,0.0250452,0.122382,0.0658637,0.0383697,-34526
-34181.7,0.95472,0.462414,3,7,0,34197.1,0.00332293,0.979452,0.178097,-0.0421013,0.226392,0.12274,0.286639,0.172357,0.0177691,0.0459432,0.209951,0.139216,-0.0613943,0.101089,0.0923518,-0.0176786,0.170066,0.083055,0.155874,0.145406,-0.0150741,0.0633571,0.0721,-0.00130949,0.0401201,-0.00340566,-0.0784513,-0.0043039,-0.00108297,0.14167,0.0578959,-0.0205574,0.123467,0.0933431,0.0529195,-34536.9
-34185.1,0.921593,0.462414,3,7,0,34197.9,0.00543612,0.979784,0.166559,-0.0593175,0.237697,0.119526,0.287038,0.18536,0.00935346,0.0161745,0.214347,0.145644,-0.0561419,0.0917546,0.0765797,-0.0129081,0.171521,0.0890953,0.154672,0.137899,-0.0265715,0.0649738,0.0816735,0.00492253,0.0317907,-0.0144867,-0.0648703,-0.0250103,-0.00133411,0.11848,0.0309872,-0.0256266,0.117526,0.0912975,0.071616,-34537.6
-34188.4,0.846034,0.462414,3,7,0,34206.2,0.00228265,0.977731,0.193352,-0.0568764,0.239428,0.120525,0.29561,0.182261,0.0294137,0.0234747,0.224391,0.10917,-0.0566624,0.0808995,0.0726707,-0.00367779,0.160514,0.06359,0.168811,0.141567,-0.00778525,0.033049,0.037787,-0.00922132,0.0290647,0.0240951,-0.0883191,-0.00700582,-0.00663687,0.119643,0.149497,0.0161665,0.162263,0.0761056,0.035416,-34547.4
-34186,1,0.462414,3,7,0,34202.4,0.00320649,0.97936,0.209703,-0.0683856,0.252051,0.123555,0.270683,0.187359,0.0287386,0.0267973,0.217286,0.144749,-0.0473451,0.103596,0.0627663,-0.000126718,0.169815,0.086314,0.141069,0.147095,-0.0158529,0.0479171,0.0663529,-0.0044733,0.0270013,0.0320532,-0.0805844,-0.00378292,-0.0272249,0.226414,0.142178,-0.0157721,0.117843,0.14018,0.0540969,-34565.7
-34185.3,0.942826,0.462414,3,7,0,34199.6,0.000877328,0.978342,0.163315,-0.0709276,0.224606,0.1165,0.281541,0.182703,0.00752081,0.0172947,0.189579,0.140327,-0.0500279,0.067324,0.0726012,-0.00104236,0.15683,0.0798218,0.146976,0.150487,0.0015784,0.0603926,0.0528768,3.39573e-05,0.0305267,0.00125669,-0.0754512,-0.0177765,-0.00779483,0.0455706,0.123955,0.019973,0.176841,0.175187,0.0489857,-34479.7
-34185.7,0.985824,0.462414,3,7,0,34198.3,0.00639747,0.976519,0.170668,-0.0727902,0.223194,0.0990264,0.300575,0.185719,0.0184929,0.0238236,0.217002,0.135494,-0.0695328,0.0849605,0.0672489,0.00663771,0.162701,0.0839658,0.135522,0.167729,-0.0181645,0.0677591,0.0670831,0.00447606,0.017657,0.0195576,-0.0704567,-0.0061693,-0.00968474,0.0487421,0.161208,0.00740091,0.196331,0.128728,0.0350293,-34544.9
-34185.6,0.90398,0.462414,3,7,0,34199.5,5.13847e-05,0.981103,0.17167,-0.0701019,0.230978,0.111488,0.287368,0.171418,0.0142978,0.0320843,0.209245,0.153668,-0.0566746,0.0962213,0.0595484,-0.00798632,0.175566,0.0643787,0.139027,0.169914,-0.00960029,0.0778445,0.0586852,0.0233386,0.0234391,0.000173029,-0.06558,0.00170045,-0.00612811,0.0485284,0.150138,0.00195967,0.177721,0.0906009,0.0465322,-34528.5
-34191,0.886162,0.462414,3,7,0,34204,-0.00550751,0.977152,0.193493,-0.073724,0.228585,0.113982,0.288289,0.161355,0.0221022,0.0321857,0.20109,0.145362,-0.0697882,0.100615,0.0588453,0.0107677,0.189958,0.0655083,0.157816,0.171388,-0.0109506,0.0836028,0.0526936,0.00379164,0.0176154,0.00361829,-0.0556758,-0.00283679,-0.00581499,0.10986,0.126226,0.0010331,0.146653,0.140233,0.0472958,-34557.3
-34184.4,0.982094,0.462414,3,7,0,34206.3,0.00849537,0.979588,0.174375,-0.049502,0.247962,0.115632,0.287412,0.202153,0.0151121,0.022175,0.223577,0.133359,-0.0460155,0.0801116,0.0742196,-0.0137239,0.145987,0.0779988,0.131938,0.117355,-0.0129347,0.0227542,0.068209,-0.0012597,0.0386007,0.0214943,-0.0892014,-0.00552119,-0.00903542,0.185896,0.0994631,0.0122016,0.110807,0.0845148,0.0503026,-34520
-34189.7,0.776516,0.462414,3,7,0,34206.3,0.00527271,0.976845,0.185687,-0.0670034,0.226515,0.13121,0.26915,0.193469,0.00816544,0.0525308,0.208049,0.151791,-0.0528453,0.109559,0.0783862,-0.00233451,0.162807,0.065188,0.154258,0.159646,-0.0232804,0.0355431,0.0711966,0.0183652,0.0347773,0.00280595,-0.0634746,0.0130943,-0.000110697,0.146973,0.0338462,-0.00784836,0.155605,0.0769262,0.0375149,-34549.8
-34195.4,0.949824,0.462414,3,7,0,34209,0.00160151,0.977928,0.189419,-0.0595396,0.224604,0.133826,0.278409,0.186739,0.00864453,0.0382434,0.212101,0.165126,-0.0365908,0.11431,0.065575,-0.0149004,0.16961,0.0649002,0.15226,0.156787,-0.0238916,0.0215698,0.0733845,0.020374,0.0340051,-0.00224588,-0.0681395,0.00215043,-0.0225559,0.166604,0.0535694,0.0304493,0.224431,0.0817889,0.029227,-34555
-34192.5,0.953118,0.462414,3,7,0,34219.5,0.00120265,0.979582,0.176965,-0.0715109,0.253724,0.096767,0.289618,0.183607,0.0265462,0.00208541,0.206317,0.151685,-0.0705897,0.075424,0.0731101,0.00861772,0.17308,0.0777316,0.130867,0.14346,0.00126523,0.0491808,0.0604894,-0.0214926,0.0265687,-0.0164124,-0.0672083,-0.003144,-0.00478168,0.158456,0.15287,0.00137902,0.0968878,0.11677,0.108516,-34531.8
-34188.3,0.964794,0.462414,3,7,0,34208.1,0.00874743,0.978075,0.180635,-0.0585787,0.231793,0.129302,0.28698,0.175352,0.0187534,0.0424756,0.210848,0.137773,-0.0317273,0.114038,0.0815691,-0.00973641,0.183983,0.0748013,0.135444,0.141868,-0.0256624,0.0658319,0.0412467,0.00585232,0.0274633,0.0178298,-0.092901,-0.0345288,0.00602173,0.0810633,0.092749,0.0133693,0.178627,0.0738674,0.0482118,-34545.1
-34178.2,1,0.462414,3,7,0,34198.9,-0.00134509,0.97666,0.177041,-0.0599206,0.251467,0.126379,0.281933,0.170214,0.0136969,0.0257298,0.202549,0.145199,-0.0552229,0.0829002,0.0521519,-0.0129322,0.159574,0.0722495,0.153392,0.160467,-0.0219461,0.05255,0.0622852,-0.00332869,0.0386132,0.0334504,-0.0719398,-0.0149085,-0.0176791,0.112105,0.069611,-0.0107324,0.0998172,0.0829549,0.0579061,-34534
-34178.5,0.87055,0.462414,3,7,0,34190.4,0.00751849,0.980211,0.1841,-0.0585212,0.226465,0.115981,0.291132,0.201074,0.0178406,0.0175075,0.219819,0.141034,-0.0631925,0.105854,0.0597817,0.00362248,0.171229,0.0749447,0.15364,0.145715,-0.0173275,0.0457272,0.0670049,-0.00873449,0.0196881,-0.0034162,-0.0781048,-0.0124509,-0.0261571,0.16221,0.053915,0.00357924,0.13289,0.122016,0.0348185,-34548.3
-34180.4,0.480494,0.462414,3,7,0,34201.8,-0.000373638,0.975866,0.176756,-0.0513347,0.222974,0.121133,0.275819,0.180404,0.0186473,0.0317864,0.189252,0.146589,-0.0586883,0.0864147,0.0782069,-0.00257191,0.171288,0.0725952,0.137123,0.158922,-0.0184998,0.0581878,0.0560365,-0.003123,0.0330554,0.0245743,-0.0645597,0.00763146,0.00200266,0.116657,0.0903491,-0.0152348,0.0953854,0.104942,0.071724,-34505.1
-34183.3,0.738693,0.462414,3,7,0,34200.5,0.00255269,0.976784,0.173907,-0.0527031,0.230555,0.127857,0.273613,0.175797,0.0152534,0.0465677,0.188431,0.15052,-0.0569547,0.0906965,0.0682294,-0.00738217,0.171518,0.0774033,0.130531,0.174618,-0.0144405,0.0591838,0.0602855,-0.00979694,0.0399129,0.0231935,-0.0701577,0.00468473,-0.00402382,0.0930975,0.101729,-0.0229882,0.0925575,0.114735,0.0614387,-34517.9
-34180.9,0.973814,0.462414,3,7,0,34197.8,0.00373379,0.983507,0.188142,-0.0724953,0.248881,0.10511,0.297954,0.185118,0.0210834,0.00589134,0.229781,0.135831,-0.0580981,0.0889228,0.0664823,-0.00417288,0.170981,0.0710718,0.160614,0.128571,-0.00999619,0.0511029,0.0523539,0.00239379,0.0212333,-0.000826487,-0.0789126,-0.012527,-0.017843,0.115402,0.0656135,0.00292,0.193399,0.0868827,0.0630053,-34547.5
-34185.8,0.830903,0.462414,3,7,0,34198.7,0.00953918,0.974675,0.16611,-0.0634196,0.249583,0.0972904,0.284823,0.181823,0.00554341,0.0106418,0.196089,0.148223,-0.0533211,0.0746972,0.0749122,0.00535796,0.163571,0.075774,0.152555,0.161153,-0.00542738,0.0483532,0.0523574,0.00606541,0.0452035,9.6392e-05,-0.074742,0.0170406,-0.0210155,0.148736,0.0432372,0.0218798,0.128324,0.115055,0.0489836,-34520.4
-34188.8,0.880467,0.462414,3,7,0,34206.3,-0.00348407,0.985537,0.195149,-0.0591622,0.221705,0.133276,0.289388,0.180481,0.0289159,0.0436486,0.218814,0.130764,-0.0583724,0.10538,0.0622081,-0.00177129,0.175063,0.0712629,0.136389,0.131653,-0.0258607,0.048949,0.0546493,-0.0134461,0.013917,0.0177339,-0.0743369,-0.0322701,0.00238642,0.176244,0.132486,0.00210204,0.173438,0.0738043,0.0405718,-34529.1
-34179.2,1,0.462414,3,7,0,34197.4,0.00252243,0.972788,0.185668,-0.0671114,0.228218,0.118105,0.289804,0.189267,0.0149606,0.0220935,0.208698,0.135912,-0.0401373,0.109026,0.0813533,-0.00570503,0.168611,0.0626041,0.145404,0.133317,-0.0145674,0.0495228,0.0658584,0.0106826,0.0347171,0.00708084,-0.0778803,-0.0178582,-0.011682,0.148615,0.126711,0.00975298,0.163053,0.0948392,0.0408771,-34546
-34189.6,0.620588,0.462414,3,7,0,34202.7,0.00869253,0.986037,0.187204,-0.0757351,0.24686,0.111745,0.281483,0.192747,0.0296437,0.0317756,0.210233,0.138282,-0.0450319,0.0895937,0.0581088,-0.0194055,0.172802,0.0834164,0.140145,0.124888,-0.00671372,0.0285082,0.0365676,0.0126339,0.0445855,-0.00143378,-0.0779599,-0.00447056,0.00768141,0.163521,0.105387,0.00389469,0.102235,0.177693,0.0405316,-34509
-34183.2,0.966318,0.462414,3,7,0,34204.6,0.00603079,0.98197,0.189074,-0.0734369,0.243228,0.108893,0.286509,0.183928,0.0280539,0.0379259,0.20805,0.139557,-0.0436546,0.0928557,0.0525038,-0.0150269,0.172805,0.0778243,0.139936,0.129105,-0.00681483,0.0267842,0.0468749,0.00519986,0.0511671,0.00237754,-0.0685713,-0.000740159,0.00280282,0.160585,0.116589,0.0111992,0.0812483,0.122206,0.0386714,-34517.5
-34182.2,0.874079,0.462414,3,7,0,34198.7,0.00477143,0.980799,0.178881,-0.0535052,0.252374,0.119421,0.290624,0.17955,0.0212033,0.031963,0.225595,0.15191,-0.0449322,0.0903999,0.0744061,-0.0164798,0.166936,0.0819177,0.127251,0.124369,-0.0183769,0.0346292,0.0438241,0.0086068,0.0233049,0.0118633,-0.0624867,0.00184327,0.00281938,0.114774,0.0951545,-0.00105455,0.0774273,0.0941651,0.0516044,-34535.3
-34179.6,1,0.462414,3,7,0,34192.8,0.00156439,0.978964,0.184304,-0.0783986,0.228731,0.1084,0.278087,0.180705,0.0145528,0.019332,0.196776,0.13187,-0.0603779,0.094227,0.0652134,-0.00378388,0.17687,0.0667975,0.16674,0.161589,-0.00722261,0.0648417,0.0629959,-0.0111039,0.0354153,0.00686567,-0.082562,-0.00920475,-0.020738,0.164145,0.102317,-0.00146628,0.237713,0.080391,0.0378974,-34518.1
-34187.9,0.645642,0.462414,3,7,0,34200.3,0.00737175,0.979319,0.191553,-0.0655294,0.264432,0.102378,0.283818,0.186647,0.0243028,0.0202255,0.209151,0.145226,-0.0467212,0.0895332,0.0819126,-0.00997618,0.165399,0.0885892,0.133642,0.147392,-0.00575223,0.0620437,0.0242301,0.00461727,0.0339515,0.0333829,-0.0857486,-0.0112294,0.00754604,0.23684,0.0902966,0.019433,0.134082,0.12687,0.0522687,-34548.2
-34186.1,0.966412,0.462414,3,7,0,34203.5,0.00338582,0.977497,0.175495,-0.0615379,0.209308,0.129253,0.292086,0.180163,0.0091651,0.0347948,0.205635,0.132994,-0.0629068,0.0854763,0.0558221,0.00185296,0.161327,0.0696325,0.151537,0.141292,-0.0181101,0.0326841,0.0898684,-0.00573908,0.0328828,-0.00529985,-0.0722046,-3.79005e-05,-0.029961,0.0681049,0.0893394,0.00637996,0.170403,0.0522595,0.0487141,-34513.6
-34185,0.894617,0.462414,3,7,0,34203.8,0.00208625,0.976184,0.190523,-0.0639413,0.236522,0.0997433,0.301952,0.176383,0.0285077,5.60296e-05,0.207323,0.146754,-0.0628405,0.0985323,0.0792774,-0.00512786,0.174052,0.0723962,0.139464,0.166369,-0.0172138,0.0509391,0.0773353,-0.0109826,0.00848404,-0.00270923,-0.0754078,0.0148619,-0.0290053,0.113264,0.0705203,0.00422626,0.168989,0.0789837,0.0472416,-34560
-34188.9,0.811059,0.462414,3,7,0,34206.5,0.00383323,0.974407,0.177014,-0.0648407,0.236295,0.135927,0.264108,0.191463,0.0097142,0.0557633,0.213553,0.132417,-0.0534157,0.0783587,0.0630716,-0.012013,0.164029,0.0810525,0.147923,0.129962,-0.0138139,0.0509068,0.0402494,0.00807345,0.0403319,0.0250896,-0.0704241,-0.0202225,0.0132222,0.150462,0.107613,-0.0105761,0.0785526,0.106048,0.0363753,-34520.2
-34186.6,0.895243,0.462414,3,7,0,34203.6,0.00304449,0.983387,0.174378,-0.0676877,0.272314,0.0969761,0.294135,0.178775,0.0238302,0.0122045,0.202735,0.13041,-0.0424876,0.0656548,0.0749018,-0.00289888,0.157207,0.0706424,0.138063,0.160648,-0.00742475,0.0596184,0.0650147,-0.0101323,0.0221391,0.00429703,-0.0756594,0.0135028,-0.0260999,0.111639,0.0798871,0.0363972,0.168489,0.0578961,0.058491,-34514.6
-34185.8,0.889693,0.462414,3,7,0,34203.1,0.00404562,0.973182,0.191924,-0.0647,0.229007,0.11836,0.285621,0.194296,0.0140595,0.0619074,0.196681,0.136998,-0.0354938,0.0906964,0.0649926,-0.0150717,0.170069,0.0749557,0.145843,0.144465,-0.0193841,0.0335184,0.0640533,-0.00800841,0.0429007,0.0430041,-0.0755245,-0.0170523,-0.0118156,0.142594,0.0918624,-0.00612008,0.120386,0.0765903,0.0667667,-34538.6
-34192.7,0.673861,0.462414,3,7,0,34209.6,0.00960444,0.983857,0.183056,-0.0474719,0.239933,0.128428,0.288093,0.180256,0.0219154,0.0447844,0.201499,0.154348,-0.0392661,0.0802121,0.0778605,-0.0214985,0.165812,0.077059,0.14529,0.159316,-0.0281919,0.0301072,0.0501459,0.00386555,0.037609,0.0360201,-0.0674367,-0.00536238,-0.00881066,0.257953,0.0451196,0.00586892,0.111302,0.0995358,0.0666183,-34524.9
-34197,0.86535,0.462414,3,7,0,34219.3,-0.00960446,0.97434,0.174396,-0.0656498,0.229163,0.109638,0.314569,0.184536,0.00518035,0.0176193,0.207795,0.133586,-0.0437301,0.0951168,0.0580783,-0.012927,0.157809,0.0546621,0.154323,0.16528,-0.00144301,0.0646104,0.054682,-0.00901783,0.0316958,0.0103942,-0.0737692,0.00413748,-0.0205294,0.145786,0.122978,-0.0251716,0.269991,0.0652092,0.0424319,-34557.3
-34184.6,1,0.462414,3,7,0,34208.7,0.00381244,0.983876,0.179622,-0.0654588,0.233825,0.109927,0.293115,0.192832,0.00149723,0.0117689,0.215749,0.140545,-0.0529167,0.0869092,0.0672746,-0.0129818,0.165695,0.0659279,0.137984,0.145389,-0.00200487,0.0623401,0.0411603,-0.0163949,0.0177426,0.0145732,-0.0745325,-0.0148436,-0.0236593,0.0739925,0.104725,0.0212275,0.0900851,0.114491,0.0597165,-34511.9
-34185.8,1,0.462414,3,7,0,34199.4,0.00283279,0.975957,0.151985,-0.0670578,0.24998,0.118257,0.298334,0.159525,0.017136,0.0139702,0.206399,0.12455,-0.0634936,0.0976447,0.0623957,-0.014577,0.161167,0.0641323,0.152428,0.150476,0.00732913,0.0557033,0.0349313,0.00330204,0.02787,0.00291817,-0.0735301,-0.01993,-0.0133597,0.17091,0.0748509,0.0150122,0.195099,0.0897032,0.0515544,-34517.6
-34182,0.882139,0.462414,3,7,0,34201.8,-0.00047363,0.981874,0.190082,-0.0550742,0.245575,0.119756,0.287597,0.19064,0.00269734,0.0435375,0.204069,0.143278,-0.0460562,0.0873616,0.0587983,-0.00779337,0.165879,0.0771271,0.142298,0.158993,-0.0278377,0.0568136,0.078354,-0.0237544,0.0290928,0.0151453,-0.0841598,-0.00105328,-0.0220607,0.182707,0.0934184,-0.0233943,0.110155,0.0597528,0.0425939,-34540.8
-34186,0.749158,0.462414,3,7,0,34199.9,0.00723138,0.976148,0.175704,-0.062797,0.231003,0.11413,0.288168,0.184597,0.0280879,0.0102754,0.217265,0.120825,-0.0659458,0.0971633,0.066882,0.0015162,0.173339,0.0716131,0.144025,0.134562,0.00845734,0.043157,0.0348414,0.00997189,0.0257329,0.0194247,-0.0606009,-0.00574974,-0.00321784,0.123053,0.088276,0.0470325,0.1437,0.141518,0.0517534,-34522.4
-34189.4,0.854611,0.462414,3,7,0,34201.9,0.00680221,0.978543,0.177271,-0.0719171,0.230938,0.117024,0.285601,0.184858,0.0240742,0.0183794,0.219752,0.115298,-0.0765386,0.0961887,0.0751655,0.0015088,0.18149,0.0748219,0.147918,0.14471,0.00496362,0.041768,0.04126,0.00655107,0.0258524,0.0162307,-0.0605362,-0.00405997,-0.00415789,0.131415,0.078794,0.0606656,0.130363,0.141922,0.0447204,-34534.2
-34193.4,0.51559,0.462414,3,7,0,34218,0.00703949,0.979049,0.178549,-0.055335,0.250071,0.128657,0.289433,0.166403,0.0193477,0.0429577,0.214474,0.12242,-0.0584048,0.0890626,0.0377167,-0.0231598,0.183627,0.079891,0.138607,0.156133,-0.00998832,0.0715681,0.0586319,-0.0273721,0.0400574,0.00946131,-0.0916374,0.0221254,-0.0398194,0.135361,0.0754776,-0.0326476,0.0946834,0.0959641,0.107119,-34544.2
-34192.2,0.675459,0.462414,3,7,0,34216.6,0.000672453,0.981919,0.182399,-0.0623836,0.226685,0.0970121,0.280469,0.200641,0.0117632,0.0115482,0.205002,0.165419,-0.0609969,0.0992809,0.0929775,-0.00162092,0.147777,0.0672888,0.133868,0.146707,-0.025696,0.0392555,0.058017,0.020594,0.0283996,0.0134562,-0.0718099,-0.0257273,0.00246926,0.122152,0.0335385,-0.0402286,0.147531,0.119162,0.071201,-34510.1
-34184,0.968075,0.462414,3,7,0,34205.7,0.00743198,0.981033,0.169904,-0.0651876,0.238709,0.106205,0.278566,0.179638,0.0164235,0.0201286,0.20454,0.125317,-0.062662,0.090783,0.0942129,0.00882597,0.165308,0.0849438,0.134843,0.15145,-0.00599213,0.0571891,0.0428094,-0.0138646,0.0322342,0.00376119,-0.0919619,-0.01488,0.00402776,0.117734,0.0343907,-0.0239254,0.12048,0.107538,0.0675766,-34503.8
-34186.2,0.948942,0.462414,3,7,0,34200.6,-0.000604218,0.976208,0.199116,-0.0549705,0.219143,0.113483,0.279739,0.182517,0.0129189,0.0252056,0.214672,0.143848,-0.0457901,0.0866454,0.0794361,-0.0273126,0.171276,0.0959729,0.163626,0.142914,-0.0171282,0.0554748,0.0750742,-0.00207097,0.046404,0.0158395,-0.0827193,0.000509656,-0.0166225,0.130681,0.0316883,0.0278422,0.166757,0.133378,0.0340861,-34543.6
-34188.6,0.889406,0.462414,3,7,0,34204.1,0.00854829,0.984148,0.190105,-0.053824,0.248918,0.10985,0.303414,0.16543,0.0116838,0.0163102,0.205204,0.131217,-0.0643419,0.115709,0.0662538,-0.0169802,0.180646,0.0728498,0.126151,0.143628,-0.0123479,0.06868,0.0707708,0.00605347,0.0380889,0.01983,-0.0665374,-0.0144861,-0.0131225,0.126793,0.116293,-0.0133633,0.123213,0.0533674,0.0569016,-34541.9
-34185.4,0.927328,0.462414,3,7,0,34207.8,0.000728646,0.980171,0.160305,-0.0516704,0.238976,0.122046,0.288702,0.168992,0.0218117,0.0354438,0.218861,0.152312,-0.055979,0.0751562,0.0750654,0.0085802,0.159324,0.0747295,0.132395,0.111545,-0.0201108,0.0712903,0.0431297,0.00258478,0.0179987,0.0162663,-0.0593106,-0.000601442,0.00650325,0.177192,0.072903,0.00613832,0.107594,0.0848625,0.0500547,-34502.1
-34185.7,0.893581,0.462414,3,7,0,34202.8,-0.00054938,0.981958,0.16712,-0.0582993,0.261665,0.124626,0.28936,0.178678,0.0227785,0.0219404,0.214435,0.148462,-0.0662854,0.0648799,0.0739365,-0.0103628,0.16105,0.0932093,0.128832,0.124642,0.00221176,0.0693103,0.0608232,-0.00184044,0.0127697,0.0170604,-0.0752102,-0.0166289,-0.00171689,0.124112,0.0838565,0.0190338,0.161643,0.103011,0.0421244,-34528.9
-34188,0.855638,0.462414,3,7,0,34204.9,0.00816556,0.976354,0.18253,-0.0618246,0.230371,0.107896,0.280837,0.190314,0.00220297,0.0395727,0.225888,0.14563,-0.0632371,0.11997,0.0533349,0.00329076,0.167788,0.05871,0.151511,0.152357,-0.0262188,0.0590873,0.0453628,0.00165532,0.0305226,-0.00566661,-0.0738887,0.0115728,-0.00390764,0.198213,0.066863,-0.00694829,0.113157,0.159036,0.0366421,-34551.8
-34182,0.915651,0.462414,3,7,0,34203.9,0.00101607,0.976911,0.194506,-0.0603811,0.243601,0.124245,0.292485,0.175589,0.0194701,0.0463462,0.216302,0.133064,-0.0555914,0.119189,0.0745607,-0.016955,0.14763,0.0827831,0.148825,0.144383,-0.0221483,0.064224,0.0554099,-0.00683331,0.028913,-0.00220942,-0.0829742,0.00214257,-0.0204444,0.110172,0.0935014,0.0164787,0.135917,0.0892874,0.0372778,-34562.8
-34180.3,0.86927,0.462414,3,7,0,34197.1,0.00857435,0.982684,0.17773,-0.0591363,0.2375,0.119128,0.287237,0.179826,0.0084818,0.0414516,0.220724,0.148945,-0.0395249,0.0949886,0.0738637,-0.0126496,0.16296,0.0831039,0.146833,0.140485,-0.0181797,0.0569902,0.0362224,0.0152875,0.0352287,0.00954032,-0.0984807,-0.00457127,-0.0226471,0.12095,0.0659393,0.0049281,0.115406,0.0711411,0.0481717,-34528.3
-34186.8,0.878994,0.462414,3,7,0,34194.2,-0.00105118,0.975123,0.180237,-0.07705,0.247225,0.10209,0.274537,0.180859,0.0260921,0.0143447,0.208102,0.149982,-0.0679649,0.0926388,0.0634656,0.00546562,0.170054,0.0768781,0.134861,0.133606,-0.00849703,0.0566477,0.0679171,-0.0124167,0.0282265,0.00992505,-0.0616143,-0.0161798,0.0153123,0.15538,0.0878583,0.0457883,0.116097,0.124266,0.0917359,-34532
-34183.6,0.991711,0.462414,3,7,0,34198,0.000254612,0.977286,0.181723,-0.0634846,0.24302,0.108364,0.293358,0.188975,0.0258772,0.0269566,0.215457,0.151296,-0.0692756,0.0776407,0.0639861,-0.0039045,0.182381,0.0797346,0.131075,0.136557,-0.00979646,0.06031,0.0706101,0.005081,0.0280403,0.012954,-0.0751104,-0.00257806,0.0106799,0.093677,0.0502681,0.0680103,0.0974476,0.131851,0.0898124,-34558
-34180,0.737846,0.462414,3,7,0,34202.9,0.00434584,0.97892,0.179164,-0.0571647,0.229065,0.125206,0.282254,0.17105,0.00780611,0.026716,0.218094,0.130041,-0.0441281,0.102067,0.0683247,0.00462883,0.158491,0.0776545,0.155476,0.151129,-0.0175122,0.0503617,0.0498477,-0.0109491,0.0437889,0.0101391,-0.0840067,-0.0119324,-0.0323424,0.157023,0.106141,-0.0218268,0.149212,0.0535523,0.0441369,-34525.3
-34183.9,0.731916,0.462414,3,7,0,34199.8,-0.000446356,0.978562,0.179673,-0.0604167,0.231971,0.115266,0.283288,0.184626,-0.00487338,0.044498,0.208412,0.13047,-0.0273793,0.10141,0.0635639,-0.00519535,0.180594,0.075356,0.147601,0.14417,-0.0221134,0.0359772,0.0698033,0.010983,0.0317723,0.00948364,-0.0687292,-0.017499,-0.021453,0.0652785,0.0749035,-0.00184029,0.121159,0.0606777,0.0656803,-34517.7
-34183.8,0.89869,0.462414,3,7,0,34201.3,0.00191099,0.979219,0.197514,-0.0673194,0.239341,0.11957,0.285599,0.164032,0.0126446,0.019445,0.222864,0.13233,-0.0841687,0.0775755,0.063174,-0.0136735,0.155823,0.0622168,0.136391,0.147964,-0.0108824,0.0677605,0.0428672,-0.00688776,0.0448778,0.0163182,-0.0703866,0.0052722,-0.010168,0.200539,0.102631,0.0201108,0.170599,0.0915699,0.0297217,-34534.6
-34184.4,0.996208,0.462414,3,7,0,34198.3,0.00657483,0.979208,0.211592,-0.0739943,0.251945,0.127379,0.274499,0.182323,0.0161746,0.0428595,0.213984,0.123979,-0.0542441,0.0984555,0.0769174,-0.00256732,0.17344,0.0744487,0.122929,0.155394,0.00876895,0.0558784,0.0460954,0.00382945,0.0257899,-0.00864745,-0.0677265,-0.0113159,-0.0108254,0.176548,0.0677358,0.00306593,0.15998,0.0797051,0.0502104,-34555.4
-34184.4,0.729212,0.462414,3,7,0,34209.4,-0.0030018,0.979132,0.192988,-0.0638275,0.245112,0.0952978,0.307946,0.17825,0.0191035,0.0436235,0.219727,0.131072,-0.0437375,0.0871027,0.0636312,-0.0131575,0.175589,0.0814936,0.133636,0.148199,-0.0142362,0.054263,0.0710603,0.0220095,0.0281611,0.000436788,-0.0610514,0.0169075,-0.000108832,0.15097,0.0838875,0.0292364,0.129929,0.0747063,0.0430164,-34558.7
-34182.1,0.980597,0.462414,3,7,0,34198.7,0.00306674,0.980996,0.172615,-0.0599924,0.238639,0.131,0.263999,0.175741,0.0140987,0.00667456,0.205208,0.147741,-0.0610727,0.102265,0.0699465,0.00643472,0.159438,0.0751539,0.152306,0.15051,-0.0153665,0.0520464,0.051153,-0.0287976,0.0284367,0.0259527,-0.0836138,-0.0275902,-0.0120552,0.115606,0.0627729,-0.0140997,0.109537,0.106449,0.053351,-34509.9
-34178.6,0.811174,0.462414,3,7,0,34201.1,0.004233,0.975489,0.193445,-0.0514446,0.242726,0.116259,0.297309,0.171493,0.0130628,0.0385669,0.21278,0.128502,-0.0730179,0.078854,0.0548632,-0.0101317,0.180946,0.0814067,0.15443,0.13306,-0.0157791,0.0616139,0.0533828,-0.0053352,0.029044,-0.0110133,-0.0821805,-0.00180421,0.000198619,0.147571,0.0954642,-0.000657665,0.120678,0.0742571,0.0422919,-34550.4
-34176.5,0.845131,0.462414,3,7,0,34193.4,0.0049094,0.980459,0.174188,-0.0788999,0.241966,0.111582,0.277383,0.189117,0.0192883,0.0107239,0.216775,0.150935,-0.0352269,0.0963825,0.0797624,-0.00713016,0.157102,0.072327,0.135843,0.145558,-0.00627537,0.0416218,0.0565068,0.000115084,0.0310329,0.0322728,-0.0758024,-0.00305783,-0.0134961,0.13835,0.0781551,0.00867748,0.137275,0.076831,0.0445763,-34522.8
-34176.6,0.903728,0.462414,3,7,0,34186.6,0.00537004,0.97791,0.184718,-0.0609888,0.22522,0.0980632,0.283217,0.177166,0.00584757,0.0505433,0.202127,0.132865,-0.0445441,0.0996668,0.0722268,0.00556626,0.1738,0.0801589,0.150301,0.142564,-0.0133549,0.0463301,0.0529168,-0.000729554,0.0311704,0.0192357,-0.0749703,-0.0149998,-0.00132351,0.123937,0.114619,0.00581546,0.0936434,0.0677766,0.0392953,-34505.5
-34186.8,0.35015,0.462414,3,7,0,34206.9,0.00511189,0.976736,0.183723,-0.0610665,0.233977,0.0870888,0.280736,0.175237,0.0101651,0.0526781,0.202959,0.129118,-0.0323558,0.108041,0.0750816,-0.00567364,0.186827,0.0818765,0.153503,0.143515,-0.00627397,0.03851,0.0463683,0.0031681,0.0242954,0.0263914,-0.0630087,-0.0183361,0.00192914,0.123161,0.111921,-0.0194104,0.117194,0.0747694,0.0412137,-34507.4
-34186.5,0.976676,0.462414,3,7,0,34203.1,0.00429109,0.98157,0.187533,-0.0657325,0.237313,0.110086,0.291145,0.18606,0.0107568,0.0133161,0.21082,0.118792,-0.0597769,0.100627,0.0786522,0.0158566,0.165051,0.0618703,0.161081,0.154405,-0.0196301,0.0532501,0.0423596,0.000890511,0.0224142,0.0333966,-0.100123,-0.020102,-0.0183217,0.112727,0.0656939,0.0120504,0.175626,0.0606945,0.04925,-34535.7
-34183.4,0.978555,0.462414,3,7,0,34202.7,0.00259704,0.977982,0.209023,-0.0658652,0.225123,0.122824,0.282531,0.183288,0.0248624,0.0323137,0.219611,0.135153,-0.0607636,0.0906106,0.0807213,0.0106154,0.158878,0.0846781,0.138378,0.145481,-0.0191966,0.057809,0.0604264,-0.00415404,0.0339604,0.0293323,-0.099401,-0.0223656,-0.0230235,0.152836,0.110897,0.0128881,0.172972,0.0662821,0.0681439,-34559.1
-34187.6,0.879402,0.462414,3,7,0,34201.6,0.00263955,0.979847,0.185096,-0.0491331,0.265413,0.105508,0.288873,0.180313,0.0125349,0.0331812,0.195418,0.12577,-0.0713678,0.096329,0.0710219,-0.0116773,0.142839,0.100985,0.134358,0.162849,-0.00067915,0.0416923,0.0558671,-0.00377158,0.0354447,0.0167984,-0.0767969,-0.0102025,-0.0318189,0.170617,0.0673264,-0.0265471,0.110844,0.0743344,0.048582,-34527.1
-34187.6,0.881478,0.462414,3,7,0,34205.4,0.00581221,0.976084,0.170956,-0.058599,0.259704,0.102492,0.298862,0.169089,0.00654024,0.0173334,0.19335,0.14758,-0.0582735,0.0893542,0.0730831,0.00774363,0.159067,0.0889118,0.125781,0.144956,-0.00857568,0.0467806,0.03757,-0.0110985,0.0340205,0.00623915,-0.0780214,-0.0142313,-0.0379641,0.135715,0.102365,-0.0295853,0.136401,0.0717531,0.0450584,-34522.3
-34191.5,0.890423,0.462414,3,7,0,34206.8,0.0075359,0.971825,0.190145,-0.0474062,0.264752,0.0971037,0.285625,0.190977,0.00942466,0.0342254,0.200246,0.143415,-0.0455904,0.106085,0.0658928,-0.000783265,0.167358,0.0955322,0.13534,0.144636,-0.00268234,0.0439813,0.0399191,-0.000597169,0.0195693,0.00418655,-0.0788078,-0.0184511,-0.0408478,0.142988,0.0815307,-0.00744967,0.105492,0.0493446,0.03338,-34547.4
-34193.6,0.56251,0.462414,3,7,0,34216.9,-0.000230366,0.98615,0.186157,-0.0672771,0.221107,0.136405,0.26598,0.169057,0.0128389,0.0367675,0.216039,0.115836,-0.0627053,0.0759938,0.0639146,-0.0010854,0.157177,0.0758218,0.133454,0.161836,-0.0125204,0.0539889,0.0625715,-0.0114936,0.0324734,0.0167545,-0.0860323,0.0102369,0.00743064,0.134686,0.143915,0.00929194,0.12015,0.196673,0.0603088,-34493.4
-34181.4,1,0.462414,3,7,0,34206.1,0.00169685,0.982528,0.180174,-0.0503925,0.234743,0.113885,0.277993,0.16905,0.0352339,0.0229474,0.207681,0.127275,-0.0733805,0.0837248,0.067858,-0.00724211,0.158779,0.0738799,0.145776,0.148784,-0.0160389,0.0496232,0.0622521,-0.0210548,0.0302869,0.0181085,-0.0788842,0.00408039,-0.00252609,0.140285,0.151766,-0.00579144,0.0910564,0.0980235,0.06196,-34493.4
-34188.1,0.748163,0.462414,3,7,0,34202.7,0.00557595,0.976796,0.182919,-0.0750986,0.250918,0.120357,0.291446,0.185953,0.000593094,0.0466499,0.208071,0.139703,-0.0421059,0.0743413,0.0693004,-0.00394544,0.170457,0.09114,0.127216,0.144898,0.00213273,0.0638123,0.068002,0.0287162,0.0323557,0.0116282,-0.0842469,-0.0230572,-0.0205583,0.136278,0.0165875,-0.0138067,0.139635,0.0744302,0.0682585,-34554.1
-34180.9,1,0.462414,3,7,0,34198.2,0.00487957,0.982469,0.179287,-0.0710411,0.248698,0.122593,0.292102,0.182084,0.00295895,0.0389868,0.204731,0.14797,-0.0503026,0.0799354,0.0701907,-0.0115451,0.184482,0.0874965,0.126853,0.15274,-0.00293437,0.0533663,0.0633735,0.00786547,0.0183528,0.0260879,-0.0826517,-0.0155727,-0.0158781,0.146482,0.0697714,-0.00697175,0.0831451,0.0882335,0.0437326,-34542.8
-34185.7,0.856086,0.462414,3,7,0,34193.1,0.00250301,0.974507,0.178565,-0.0458447,0.224782,0.113645,0.271327,0.188333,0.0386657,0.0169631,0.201328,0.133152,-0.0588632,0.0999088,0.0573434,0.0103133,0.151276,0.064183,0.154621,0.145986,-0.0238893,0.047954,0.0565079,-0.00569422,0.0359073,-0.00047126,-0.0733377,0.0111282,-0.000494196,0.139124,0.101943,0.0211979,0.211435,0.0678862,0.0459466,-34498.5
-34188.7,0.787133,0.462414,3,7,0,34206.4,0.00375129,0.980928,0.179616,-0.0755404,0.250673,0.118169,0.291009,0.174489,-0.00275124,0.0381101,0.213909,0.156144,-0.0586076,0.0857915,0.0781898,-0.0308904,0.183184,0.0876194,0.136991,0.13635,-0.00923433,0.0572052,0.0571129,-0.00199424,0.0224378,0.0278708,-0.0836031,-0.0185705,-0.0219302,0.069788,0.118754,-0.0279966,0.124872,0.133899,0.0788194,-34549.5
-34188,0.991009,0.462414,3,7,0,34204.8,0.000972242,0.980203,0.179825,-0.0565572,0.224035,0.111149,0.269828,0.187355,0.0355208,0.00918229,0.207136,0.130897,-0.0496689,0.0946366,0.0568533,0.0248358,0.151215,0.0655466,0.151395,0.146317,-0.0208659,0.0524145,0.0595053,-0.00171565,0.0271851,-0.00223376,-0.0732546,0.0139101,-0.000469876,0.149523,0.0876333,0.0463073,0.189398,0.0649577,0.0427345,-34487.1
-34187,0.983652,0.462414,3,7,0,34204.7,0.00264425,0.979989,0.188343,-0.0518427,0.207802,0.120833,0.274833,0.183136,0.0114884,0.0453622,0.203937,0.136288,-0.064122,0.0836718,0.0859479,0.00248372,0.173296,0.0815385,0.151424,0.131702,-0.00852427,0.0531949,0.0799326,0.0260441,0.0229477,0.0175311,-0.0715637,0.0189773,-0.00379871,0.0957792,0.139935,0.00775615,0.163278,0.111849,0.0500758,-34502.6
-34185.6,0.978569,0.462414,3,7,0,34202.2,0.00723318,0.977704,0.17221,-0.075696,0.265804,0.107634,0.287299,0.176592,0.0193623,0.0111459,0.21805,0.148066,-0.0424131,0.105795,0.0501029,-0.0168222,0.172234,0.0735516,0.136187,0.153545,-0.0185009,0.0451493,0.0306595,-0.0276831,0.0208434,0.00203737,-0.0794688,-0.0227092,-0.0166956,0.148737,0.113859,-0.0150705,0.106613,0.0877413,0.0340743,-34544.7
-34187.2,0.950684,0.462414,3,7,0,34195.6,0.00290825,0.979226,0.194094,-0.0502524,0.210906,0.127136,0.282642,0.188234,0.0181492,0.049048,0.202348,0.132263,-0.0633551,0.0725638,0.0891079,0.00174663,0.161805,0.0739896,0.154114,0.134619,-0.00523653,0.0538671,0.0824172,0.0254922,0.0293856,0.0221595,-0.0735211,0.0157492,0.000475724,0.0888983,0.0699601,0.0201295,0.15144,0.0883617,0.0517078,-34518.4
-34187.6,0.944074,0.462414,3,7,0,34204.5,0.00622439,0.978704,0.180085,-0.066875,0.25368,0.102201,0.29492,0.177355,0.0206656,0.00207191,0.221777,0.124522,-0.0416224,0.0999526,0.0685898,-0.0210762,0.168215,0.068888,0.137767,0.132087,-0.00817621,0.0555438,0.0889979,-0.0209958,0.0388852,-0.00262601,-0.0683299,-0.0248043,-0.0169767,0.168808,0.122286,0.0100159,0.130488,0.0703486,0.0410232,-34540.2
-34191.3,0.837718,0.462414,3,7,0,34206.2,0.000724351,0.977895,0.195386,-0.0608151,0.200506,0.134546,0.279174,0.187505,0.0181267,0.0638875,0.20082,0.142672,-0.0654401,0.0756208,0.0603907,0.00706758,0.179014,0.0787061,0.1438,0.14828,-0.0133913,0.0467416,0.0539227,-0.000394057,0.0260925,0.0266445,-0.0834071,-0.00188867,0.00774748,0.112566,0.0313657,3.02022e-05,0.0989178,0.0941824,0.0793775,-34526
-34189,0.995565,0.462414,3,7,0,34206.1,0.00321091,0.979431,0.167045,-0.0607985,0.274343,0.101055,0.285897,0.178738,0.0167169,-0.00947716,0.215017,0.141277,-0.0604642,0.104043,0.0708498,-0.00560074,0.14905,0.0741161,0.141615,0.151883,-0.0174556,0.0664807,0.0721665,-0.00657531,0.0274636,0.00260203,-0.0735247,-0.00114298,-0.0314297,0.158374,0.12745,-0.00826094,0.127988,0.0722668,0.042771,-34540.1
-34180.3,0.995931,0.462414,3,7,0,34200.9,0.00240122,0.977444,0.184763,-0.0690994,0.230889,0.106033,0.274975,0.170357,0.0307524,0.0276915,0.220937,0.136817,-0.0638505,0.0777544,0.0664789,0.00292004,0.173415,0.0776865,0.153283,0.126214,-8.50411e-05,0.0588981,0.0364207,-0.0141223,0.0195676,0.0096556,-0.0813724,-0.00304151,-0.020619,0.14949,0.0540077,0.00787206,0.103723,0.0711005,0.0331501,-34504.9
-34176.6,0.913862,0.462414,3,7,0,34189.7,0.00469361,0.979915,0.191778,-0.049745,0.244184,0.110848,0.288149,0.189699,0.0217699,0.0304245,0.216687,0.145545,-0.0500427,0.0911962,0.0791421,-0.000552345,0.1816,0.0848686,0.126948,0.144033,-0.0277522,0.0472198,0.073541,0.00111755,0.0355551,0.0103068,-0.073784,-0.00959581,-0.0131268,0.101296,0.103202,-0.006483,0.141261,0.0816727,0.0514392,-34553.9
-34189.8,0.570029,0.462414,3,7,0,34200.8,0.00333497,0.978177,0.165877,-0.0610882,0.230298,0.106726,0.269224,0.160072,-0.00533275,0.0219998,0.21205,0.155355,-0.0730651,0.109483,0.053343,0.00510924,0.18169,0.0613157,0.154306,0.160229,0.000484588,0.0705248,0.042357,0.00994692,0.0178874,0.00155542,-0.0734915,-0.016423,-0.0213613,0.112708,0.0287692,0.00438963,0.11069,0.100477,0.042393,-34507.8
-34182.9,0.912724,0.462414,3,7,0,34202,0.00361747,0.981384,0.188607,-0.05768,0.24997,0.117471,0.305899,0.190257,0.0395019,0.0295802,0.197685,0.128256,-0.044852,0.0807666,0.078684,-0.0117028,0.159092,0.0827535,0.143904,0.145527,-0.0236785,0.0307362,0.0505593,-0.012651,0.0288266,0.020281,-0.0728539,-0.0150754,-0.00505506,0.146441,0.138316,0.00341857,0.12254,0.0758685,0.039029,-34536.2
-34179.6,0.996066,0.462414,3,7,0,34193.9,0.000150806,0.975337,0.166816,-0.050549,0.239192,0.124797,0.297057,0.173462,0.0190944,0.0169215,0.211775,0.135258,-0.0537649,0.110072,0.0579457,-0.0114797,0.175478,0.0915521,0.129851,0.154137,-0.0110837,0.0390327,0.0604529,0.00618791,0.0380209,0.000379018,-0.0855998,-0.0114066,-0.0077702,0.159993,0.0774525,-0.00937018,0.11834,0.0802615,0.0386342,-34553.4
-34187.5,0.801101,0.462414,3,7,0,34196.9,-0.00508526,0.980407,0.161852,-0.0600129,0.254334,0.118753,0.290009,0.181459,0.0210715,0.0130406,0.226199,0.127102,-0.0532642,0.112739,0.0627317,0.00107285,0.170533,0.0932353,0.140662,0.147081,-0.0105083,0.0435423,0.0560556,0.00423847,0.0385832,-0.0118069,-0.0807192,-0.00603939,-0.00384972,0.140275,0.0233616,0.0028042,0.099968,0.101675,0.0505576,-34556.1
-34179.3,1,0.462414,3,7,0,34196,0.00795331,0.978349,0.19069,-0.0630104,0.244364,0.10586,0.27867,0.169965,0.0171676,0.0260048,0.216417,0.128547,-0.0533374,0.0886814,0.061827,-0.00625949,0.162083,0.0665488,0.140184,0.123624,-0.00666495,0.0543536,0.0355943,-0.009165,0.0252349,0.0114833,-0.0876531,-0.0142373,-0.00287118,0.107648,0.0486332,0.0105752,0.104184,0.0841809,0.0693305,-34498.6
-34177.3,0.974638,0.462414,3,7,0,34190.1,0.00252331,0.97852,0.173705,-0.0565049,0.221557,0.124305,0.288819,0.207516,0.0176955,0.0376082,0.20164,0.139246,-0.0563751,0.0918839,0.0677859,-0.00125602,0.170958,0.0698506,0.134928,0.157481,-0.0109603,0.0480582,0.072771,-0.00360534,0.0349492,0.0100745,-0.0734091,0.00961032,-0.0129064,0.145991,0.130053,0.0218139,0.106139,0.0702105,0.0519456,-34532.8
-34186.9,0.559523,0.462414,3,7,0,34200.8,-0.00145025,0.979434,0.184919,-0.0460201,0.216241,0.133583,0.277488,0.177479,0.0126283,0.0518845,0.214917,0.144128,-0.0365239,0.0950406,0.0520506,-0.0135824,0.176102,0.0725686,0.127605,0.170106,-0.00559552,0.056431,0.0654194,0.0234845,0.0302223,0.0197355,-0.0772801,-0.010967,-0.0128847,0.112238,0.0774514,0.00814915,0.140151,0.0644245,0.0424791,-34529.3
-34187.2,1,0.462414,3,7,0,34199.1,0.000996791,0.978593,0.18117,-0.0526665,0.219097,0.136229,0.280431,0.185904,0.00927304,0.0577778,0.204364,0.146623,-0.036535,0.0939416,0.0453287,-0.00844605,0.180514,0.0703536,0.127193,0.167439,-0.00410985,0.0579925,0.0641953,0.0227245,0.0306806,0.0192064,-0.0741927,-0.0102684,-0.0216023,0.0930453,0.0942038,0.0178203,0.153592,0.0772944,0.0427161,-34529.8
-34189.8,0.891442,0.462414,3,7,0,34205,0.00228836,0.980768,0.196599,-0.0592249,0.236068,0.126123,0.283974,0.182278,0.0164411,0.0391835,0.216416,0.152729,-0.0449535,0.107378,0.0543938,0.000275652,0.16753,0.0595667,0.135235,0.167315,-0.00031427,0.0560511,0.0878885,0.0217974,0.0114652,0.0156867,-0.0832117,-0.0079206,-0.0194249,0.123772,0.0659753,0.0101898,0.208905,0.0838876,0.0311334,-34564.3
-34186,0.833067,0.462414,3,7,0,34208.9,0.00527155,0.980647,0.183322,-0.0608087,0.235653,0.10968,0.294353,0.156766,0.0195614,0.0146626,0.213311,0.153074,-0.0522032,0.0867018,0.0786532,-0.00168635,0.149974,0.068008,0.144978,0.145539,-0.0143344,0.0430035,0.0586524,0.00506341,0.0391088,0.00758727,-0.0822604,-0.0156814,-0.0377028,0.126819,0.097319,-0.000463081,0.0608405,0.0900212,0.0497036,-34518.1
-34189.1,0.982263,0.462414,3,7,0,34206.8,-0.00336612,0.977887,0.177782,-0.062112,0.236678,0.118081,0.280358,0.199994,0.0146164,0.0396827,0.204357,0.129918,-0.0465691,0.0878053,0.056838,-0.004294,0.180907,0.089794,0.142191,0.140232,-0.00511932,0.0706612,0.0590124,-0.00962631,0.0308178,0.0175299,-0.0665196,0.00755452,0.0168961,0.140019,0.0712382,0.00600746,0.451318,0.0688843,0.0378675,-34531.3
-34183.9,0.964883,0.462414,3,7,0,34203.7,0.00167894,0.980278,0.185258,-0.0567155,0.243284,0.10401,0.293948,0.158961,0.0199716,0.0136394,0.216255,0.148472,-0.0464866,0.0962641,0.0703857,0.00211031,0.153751,0.058837,0.142988,0.150917,-0.0199297,0.0481074,0.0634802,0.00592968,0.0331804,0.00861161,-0.0832915,-0.0133746,-0.0317278,0.143379,0.094369,-0.0176896,0.0743966,0.125239,0.0481318,-34526
-34183.9,0.995176,0.462414,3,7,0,34196,0.00506694,0.978304,0.174399,-0.0541094,0.241877,0.120122,0.275959,0.194186,0.0179031,0.0369617,0.209711,0.131769,-0.0540034,0.0693604,0.071253,-0.0221148,0.179126,0.083778,0.156752,0.13521,-0.00851923,0.039757,0.0534625,0.000697785,0.0318541,0.00584063,-0.0615708,0.00602532,0.0108384,0.11896,0.0785229,0.0232371,0.192273,0.0503206,0.0344448,-34513.8
-34187.6,0.82771,0.462414,3,7,0,34213.8,0.00301335,0.980476,0.188151,-0.0658518,0.234607,0.117506,0.301187,0.165486,0.0193165,0.0257383,0.213863,0.152638,-0.0571191,0.120601,0.0653084,0.00510018,0.166321,0.0586806,0.11832,0.160824,-0.0150097,0.0556347,0.0426439,-0.00178039,0.0222401,0.0120626,-0.07445,-0.0106928,-0.0268225,0.0659325,0.101104,0.0214915,0.112878,0.174097,0.0649742,-34551.9
-34184.8,0.950198,0.462414,3,7,0,34203.1,0.00409587,0.976739,0.163432,-0.0701555,0.240954,0.111002,0.273157,0.2102,0.0143459,0.0192145,0.198253,0.15111,-0.0616472,0.070552,0.073088,-0.01838,0.156754,0.0807819,0.167362,0.146304,-0.0186325,0.0646918,0.0642813,-0.00688015,0.0471223,0.0130976,-0.0740157,0.00207309,-0.00437873,0.206643,0.0971641,-0.00287266,0.175448,0.0582562,0.0371037,-34519.2
-34189.9,0.760536,0.462414,3,7,0,34206.1,0.00450497,0.979653,0.180589,-0.0459234,0.25108,0.147137,0.28692,0.172308,0.0245608,0.0135515,0.20871,0.14942,-0.0695705,0.068131,0.0776106,-0.00521308,0.148827,0.0797519,0.160601,0.149526,-0.0275664,0.0405238,0.0576898,0.0119484,0.0469632,0.0372019,-0.0718905,-0.0116802,-0.00806669,0.152144,0.069707,0.0194954,0.0898342,0.0831385,0.0608788,-34556.4
-34176.7,0.853158,0.462414,3,7,0,34202.6,0.00493298,0.978581,0.185791,-0.0612116,0.226677,0.10399,0.285118,0.193996,0.0147201,0.0398734,0.213236,0.130454,-0.0512391,0.0932437,0.0672951,-0.0172802,0.169425,0.0794063,0.143682,0.13397,-0.0203941,0.0614079,0.0518836,0.00164926,0.0338511,0.00764787,-0.059759,-0.00837676,-0.0205459,0.1515,0.0980488,0.011543,0.166735,0.0630664,0.0424871,-34508.3
-34182.8,0.634161,0.462414,3,7,0,34194.4,0.00475188,0.979721,0.200845,-0.0631122,0.236789,0.134119,0.284949,0.156161,0.00691816,0.0210364,0.207604,0.13577,-0.0574201,0.100849,0.0826764,0.00289086,0.169332,0.0706356,0.142477,0.153411,-0.0141584,0.0552718,0.0685058,-0.0121572,0.0395155,-0.0136589,-0.0826889,0.00740828,-0.0103445,0.095038,0.101365,-0.00580411,0.101183,0.0963727,0.0434959,-34551.1
-34183.4,0.743465,0.462414,3,7,0,34201.7,0.00424474,0.976844,0.207087,-0.0702175,0.219843,0.113038,0.293415,0.154846,0.016068,0.0204499,0.20654,0.152046,-0.0559536,0.0719946,0.0718672,-0.000745955,0.184133,0.0798552,0.144873,0.148268,-0.0123975,0.0564925,0.0525542,-0.0147738,0.00809799,0.00784072,-0.0783856,0.0108988,0.00351583,0.173142,0.0692025,0.00206254,0.112783,0.0766101,0.0414068,-34538.1
-34182.2,0.943561,0.462414,3,7,0,34198.9,0.00566583,0.979941,0.177573,-0.0709089,0.266091,0.100495,0.288524,0.204393,0.0173786,0.0222759,0.2079,0.15051,-0.049163,0.085289,0.0825256,0.00951853,0.172255,0.0670487,0.164404,0.131726,-0.00994092,0.0384487,0.0623504,-0.00293941,0.0235087,0.0117455,-0.065631,-0.0134682,-0.00975076,0.0688337,0.114281,0.00500581,0.15136,0.07513,0.0298741,-34551.6
-34182.4,0.671964,0.462414,3,7,0,34204.5,-0.001252,0.978492,0.180679,-0.0545727,0.202647,0.131709,0.28864,0.159555,0.0177287,0.0298533,0.212725,0.135949,-0.0508051,0.0980809,0.0500697,-0.0116385,0.160195,0.0829338,0.132233,0.16129,-0.0164683,0.0540944,0.0642298,0.00501939,0.0364128,0.0160651,-0.0892948,-0.00402145,-0.0126535,0.165635,0.0518271,-0.00236792,0.114867,0.0965322,0.0591248,-34514.3
-34184.9,0.644242,0.462414,3,7,0,34206.6,0.00477094,0.976188,0.177474,-0.0565144,0.201915,0.133103,0.285775,0.173317,0.0146407,0.0360277,0.203163,0.136681,-0.0529977,0.104954,0.0471071,-0.0163598,0.150843,0.07975,0.147533,0.168443,-0.0207235,0.0493922,0.0492615,0.00574711,0.0324298,0.0167311,-0.0845177,-0.0021153,-0.0195939,0.190785,0.0493716,0.00220502,0.132137,0.113459,0.0539658,-34509.7
-34188.2,0.795468,0.462414,3,7,0,34205.6,-0.00232464,0.983313,0.185889,-0.0744064,0.273517,0.10113,0.287438,0.189013,0.0204772,0.0162018,0.206716,0.141771,-0.0580351,0.0623736,0.0851695,0.00499929,0.183952,0.0708059,0.143894,0.129289,-0.00773319,0.0554762,0.0913428,-0.0079576,0.0274675,0.0102373,-0.0717603,-0.0128409,-0.00217645,0.0769114,0.0946436,0.0179811,0.125683,0.0654027,0.0444977,-34548.3
-34185.7,0.861203,0.462414,3,7,0,34210.5,-0.00211556,0.982416,0.175956,-0.07311,0.266471,0.100064,0.284978,0.197204,0.020347,0.0241954,0.206329,0.14195,-0.0642441,0.0696665,0.0789855,0.0056734,0.185321,0.0738597,0.160342,0.13901,-0.00636454,0.0625168,0.0773242,-0.0222158,0.0284682,0.00295496,-0.0658325,-0.010682,-0.00493375,0.0851156,0.0791664,0.0101614,0.0982395,0.0805544,0.0477223,-34547.8
-34188.7,0.911096,0.462414,3,7,0,34202.9,-0.00409224,0.981398,0.172012,-0.0756916,0.235418,0.100733,0.282984,0.181108,0.0196288,0.0281873,0.199984,0.13838,-0.0609475,0.0661985,0.0886854,0.00858914,0.188102,0.0803911,0.141226,0.139804,-0.00315718,0.047036,0.0763498,-0.0353891,0.0329955,0.0158254,-0.0637349,-0.00564106,-0.00993334,0.134136,0.0968034,-0.000884365,0.15081,0.09665,0.0285749,-34509.2
-34184.8,0.648261,0.462414,3,7,0,34205.2,0.0122553,0.977119,0.184988,-0.056611,0.244719,0.112338,0.291992,0.166011,0.0140446,0.0213012,0.21175,0.134278,-0.0469617,0.0910353,0.0979597,-0.0146999,0.170182,0.0697074,0.139924,0.160691,-0.0114458,0.0455453,0.0589723,0.00260665,0.0260884,0.015846,-0.0768759,-0.00885645,-0.0202496,0.0661864,0.11755,-0.018554,0.233735,0.0994846,0.0684388,-34541
-34188,0.890031,0.462414,3,7,0,34204.7,0.00813479,0.97916,0.179609,-0.0618291,0.232532,0.102825,0.27833,0.166367,0.0241071,0.0264091,0.207824,0.128421,-0.0482002,0.110014,0.0673472,-0.0144055,0.168438,0.0670407,0.151899,0.142755,-0.0052272,0.0449878,0.0489035,0.022135,0.0184049,0.0167869,-0.0839043,-0.0228852,0.0052409,0.052817,0.15374,-0.0142425,0.277278,0.110278,0.0523691,-34493.8
-34187.1,0.992232,0.462414,3,7,0,34203.7,4.70909e-05,0.978689,0.178067,-0.0835396,0.244422,0.125679,0.304037,0.202418,0.0116821,0.0507845,0.194183,0.150791,-0.0624676,0.0720146,0.0699678,0.00179183,0.167948,0.0652809,0.134961,0.16026,-0.0118665,0.0502623,0.0483856,-0.000848687,0.0351634,0.0171133,-0.0626761,-0.0243195,-0.0133214,0.105538,0.0339875,0.00482153,0.0937061,0.0742268,0.0426481,-34562.9
-34184,0.678175,0.462414,3,7,0,34206.6,0.0071177,0.976006,0.20148,-0.0598094,0.242394,0.124134,0.294045,0.190376,0.0128528,0.0410974,0.196853,0.134372,-0.0468326,0.0755132,0.0595357,-0.00944231,0.164845,0.0479169,0.13636,0.142657,-0.00468883,0.0430673,0.0530923,0.00422592,0.0255569,0.0100445,-0.0705594,-0.015411,-0.0121155,0.16178,0.0545275,-0.0129356,0.191267,0.104026,0.0715553,-34529.6
-34177.7,0.891576,0.462414,3,7,0,34202.8,0.00404303,0.98023,0.16525,-0.0634451,0.235796,0.10788,0.282184,0.176992,0.0171125,0.0187067,0.222042,0.149001,-0.0541976,0.103402,0.0684955,-0.00593146,0.172201,0.0961224,0.154987,0.142844,-0.0101678,0.058988,0.0532983,-0.000758381,0.0301628,0.0133512,-0.0708932,0.0106749,-0.0108862,0.189793,0.107086,-0.00385267,0.142159,0.0689006,0.0608814,-34530.5
-34184.3,0.579715,0.462414,3,7,0,34201.2,0.00784713,0.980204,0.181427,-0.0590138,0.239759,0.113892,0.284344,0.182008,0.0272629,0.0483555,0.207509,0.164794,-0.0717436,0.088908,0.0706501,0.0113711,0.165219,0.0843412,0.155137,0.140211,-0.0186804,0.0428679,0.0424463,0.00856061,0.0240906,-0.00319406,-0.0752055,0.00598866,-0.0167904,0.0459946,0.130274,0.0152835,0.149362,0.0934769,0.0396598,-34535.4
-34185,0.932552,0.462414,3,7,0,34198.6,-0.00101843,0.977375,0.179166,-0.056416,0.250989,0.115583,0.28233,0.166883,0.00999667,0.00716525,0.208668,0.126503,-0.0362645,0.0768352,0.0660671,-0.0114328,0.176817,0.0668904,0.122032,0.159292,-0.00918969,0.056043,0.0689235,0.0105051,0.0262347,0.0280354,-0.0705137,-0.00478797,-0.00936825,0.206457,0.0563384,-0.0085805,0.104516,0.0695429,0.0442473,-34514.9
-34186.9,0.968658,0.462414,3,7,0,34204.1,0.00775522,0.980192,0.169863,-0.058971,0.230991,0.104885,0.301009,0.188619,0.0321906,0.0574126,0.207904,0.155213,-0.0756876,0.0905755,0.0725981,-0.00332962,0.172206,0.0850743,0.152899,0.138974,-0.0122716,0.0424605,0.0624109,-0.0126768,0.0301166,0.0110863,-0.091631,0.00286095,-0.015044,0.116026,0.111311,0.0236428,0.238051,0.0970041,0.0541182,-34546.1
-34185.5,0.882021,0.462414,3,7,0,34207.4,-0.00056276,0.975974,0.195551,-0.0564321,0.236902,0.122062,0.28762,0.180135,0.00665321,0.0114276,0.206487,0.127745,-0.0334111,0.0846363,0.0667482,-0.0278074,0.165411,0.067625,0.125361,0.135991,-0.0088102,0.0560158,0.0625751,0.00531606,0.0399633,0.0273078,-0.0593764,-0.00728858,0.0146181,0.130885,0.0836817,-0.0100023,0.103819,0.0904628,0.0484265,-34521.6
-34178.7,0.975428,0.462414,3,7,0,34197.3,0.00174053,0.978702,0.205327,-0.0699503,0.237111,0.11825,0.284141,0.175803,0.00284203,0.0176558,0.20709,0.142488,-0.0506212,0.0850196,0.0702205,-0.00881249,0.160736,0.0875648,0.134414,0.132315,-0.00107279,0.0493671,0.070768,-0.00404983,0.0410002,0.018829,-0.0737608,0.000471739,-0.0149123,0.135486,0.101258,-0.00685278,0.0850951,0.0805452,0.0477469,-34533.1
-34180.1,0.899365,0.462414,3,7,0,34190.5,0.00535106,0.977761,0.165445,-0.0525866,0.2367,0.111547,0.29868,0.196445,0.0228353,0.0414433,0.212499,0.147308,-0.0533734,0.0921526,0.0692343,-0.00941805,0.169483,0.0768664,0.146375,0.162228,-0.0307264,0.0503754,0.0431945,-0.0168434,0.0218462,0.011113,-0.0858231,-0.00453608,-0.00914557,0.166206,0.0719246,0.00539217,0.229021,0.0744532,0.0427744,-34547.4
-34186.4,0.765398,0.462414,3,7,0,34198.2,0.00347088,0.97971,0.186835,-0.0757521,0.249772,0.121182,0.278136,0.149342,0.0152242,0.0352853,0.213402,0.123483,-0.0495465,0.0912896,0.0806067,0.00577459,0.15181,0.0615999,0.136226,0.125576,-0.0013122,0.0544033,0.06255,-0.00866995,0.0201741,0.0189718,-0.058173,0.00555229,-0.0149621,0.191994,0.0712963,0.0121755,0.202706,0.117464,0.0472591,-34500.7
-34184.2,0.959799,0.462414,3,7,0,34198.8,0.000720447,0.975633,0.182796,-0.0533838,0.21903,0.107851,0.285177,0.21478,0.0210493,0.0197714,0.205741,0.151224,-0.0580132,0.0867107,0.0564219,-0.0133885,0.183157,0.07888,0.149423,0.168647,-0.0195706,0.0449375,0.059591,0.00641828,0.0278498,0.00426888,-0.0820855,-0.0095928,-0.00229124,0.137182,0.0912702,-0.00514355,0.113554,0.0528973,0.0441528,-34547.3
-34185.1,0.794043,0.462414,3,7,0,34207.8,0.00596422,0.975137,0.192502,-0.0505712,0.230184,0.112815,0.281074,0.204042,0.0182583,0.025661,0.204234,0.14837,-0.0622472,0.0845195,0.0494935,-0.0203759,0.178172,0.0749955,0.145933,0.167868,-0.0300609,0.0459316,0.0668787,0.00941161,0.0337835,0.0111219,-0.0830658,-0.00213824,0.00349989,0.189301,0.0906992,0.0114769,0.104028,0.058371,0.0583173,-34549.8
-34180.2,0.984442,0.462414,3,7,0,34195.9,0.00206249,0.975619,0.18505,-0.0564416,0.227026,0.117771,0.285264,0.210636,0.0203256,0.0251054,0.203126,0.149725,-0.0591648,0.0914428,0.0494874,-0.0135849,0.177421,0.0708632,0.144608,0.15829,-0.0269891,0.0467984,0.0699335,0.0133731,0.0287538,0.000315921,-0.0835616,0.000330837,0.00065353,0.171465,0.0866749,0.00668117,0.117213,0.0736588,0.0524341,-34548.8
-34180.4,0.959046,0.462414,3,7,0,34192.8,0.00194796,0.97981,0.19689,-0.0591035,0.224962,0.111928,0.269292,0.166227,0.0310236,0.0420692,0.201799,0.133828,-0.0643071,0.094863,0.0682127,-9.20277e-06,0.175326,0.0700711,0.133728,0.134361,-0.0192757,0.0359193,0.0610263,0.0040842,0.0208285,0.0110605,-0.0871498,0.00486775,-0.00478614,0.0854034,0.0883325,0.0127005,0.0978475,0.0974688,0.0403301,-34486.8
-34179.2,0.832054,0.462414,3,7,0,34195.8,0.00642191,0.977271,0.165614,-0.0540871,0.242192,0.114774,0.295655,0.194111,0.00788671,0.017743,0.221439,0.148667,-0.0444377,0.0921712,0.0685814,-0.00889095,0.164688,0.0741739,0.151137,0.151897,-0.00212275,0.0622818,0.0582855,-0.00612192,0.0321788,0.0100825,-0.0562109,-0.0109839,-0.0119682,0.157497,0.0864166,0.00247921,0.199721,0.0619732,0.0425976,-34554.8
-34192.2,0.729314,0.462414,3,7,0,34201.3,-0.00308979,0.979891,0.170532,-0.0640663,0.225956,0.0940105,0.287398,0.185717,0.0212187,0.0520246,0.216208,0.133638,-0.0605891,0.0911955,0.0710083,-0.00740095,0.181195,0.0747452,0.166544,0.132978,-0.0241183,0.0787695,0.0449665,-0.0004463,0.0149587,-0.00197526,-0.0835472,-0.0068033,-0.0166872,0.212075,0.0951474,0.000799532,0.33337,0.0952333,0.0348487,-34510
-34189.2,1,0.462414,3,7,0,34205,0.0103401,0.977995,0.193253,-0.0642298,0.259102,0.123182,0.290396,0.185783,0.00595321,-0.00361653,0.210257,0.155931,-0.0558377,0.0772099,0.0754373,-0.0134931,0.149391,0.0815592,0.129669,0.150947,-0.0172487,0.0314976,0.0762625,-0.000207886,0.0541294,0.0246772,-0.0743759,0.0147643,-0.00300896,0.136285,0.0788477,0.00959941,0.139068,0.0680709,0.0635215,-34571.1
-34186.1,0.997285,0.462414,3,7,0,34202.4,0.00825395,0.976144,0.184067,-0.059527,0.250806,0.11186,0.287865,0.177511,0.00902608,0.00115808,0.207736,0.152455,-0.0527472,0.0753497,0.0743891,-0.016249,0.148232,0.0800437,0.127121,0.154916,-0.0169666,0.0255749,0.0702168,0.0102785,0.0469732,0.0247862,-0.0745131,0.0186857,-0.003149,0.148112,0.0734559,0.0116792,0.138662,0.0559699,0.0505826,-34538.2
-34185.8,0.949676,0.462414,3,7,0,34204.3,0.008064,0.975718,0.176701,-0.0826375,0.250158,0.119133,0.28612,0.188304,0.0116316,0.0176174,0.207407,0.155216,-0.0518376,0.0784805,0.0732097,-0.010128,0.150952,0.0685063,0.159126,0.151079,-0.038005,0.0294656,0.0665858,0.0151281,0.0379832,0.0242424,-0.0745317,0.00319942,-0.0276327,0.0983437,0.0609322,-5.56924e-05,0.166712,0.0995358,0.0548683,-34548.7
-34188.5,0.841694,0.462414,3,7,0,34206.4,0.00190209,0.977944,0.155252,-0.0586072,0.23414,0.138115,0.27654,0.201001,0.0106075,0.0297457,0.211368,0.167091,-0.0398606,0.102658,0.0688753,-0.00515688,0.164408,0.0848101,0.150646,0.128067,-0.0115531,0.0498289,0.0445712,-0.0127023,0.00968924,0.0217645,-0.0780398,-0.00114731,-0.0111867,0.0635928,0.12333,0.00819091,0.152695,0.117187,0.0316958,-34529.7
-34186.3,0.882387,0.462414,3,7,0,34206.6,0.00243575,0.97397,0.174413,-0.0599348,0.25487,0.118145,0.289134,0.156134,0.0143766,0.0289763,0.212452,0.136973,-0.0698509,0.091914,0.0634043,0.00652498,0.167725,0.0716312,0.14682,0.127736,-0.00414751,0.0424492,0.0593987,0.0085423,0.0212083,-0.00446015,-0.079796,0.00794383,0.00301714,0.0134734,0.143861,-0.00543186,0.149372,0.0744538,0.0366791,-34538.2
-34182.1,0.885772,0.462414,3,7,0,34203.1,0.00355488,0.983482,0.187357,-0.0539897,0.247896,0.116159,0.291682,0.187697,0.0194367,0.0307952,0.223987,0.145342,-0.0426361,0.0912107,0.0724206,-0.014969,0.170023,0.0562085,0.134773,0.118907,-0.0141829,0.0596133,0.0674103,-0.0142382,0.0304832,0.000708916,-0.062681,-0.00426513,-0.00587183,0.203472,0.0372266,0.0181542,0.120758,0.0856167,0.0416466,-34532.6
-34189.7,0.748294,0.462414,3,7,0,34201.5,0.00317259,0.974494,0.167853,-0.0573066,0.233684,0.102284,0.292823,0.160275,0.0111944,0.0301975,0.211831,0.127558,-0.0657591,0.0795476,0.0910665,-0.0111587,0.173857,0.0909632,0.162854,0.132943,-0.0105135,0.0470557,0.0698926,0.00446259,0.0378563,0.00666027,-0.0855676,0.00547837,0.00410318,0.0475353,0.051997,-0.00116079,0.211636,0.205055,0.0642108,-34527
-34188.7,0.95915,0.462414,3,7,0,34204.1,0.00592265,0.983567,0.191358,-0.0538011,0.227969,0.10739,0.28375,0.204294,0.0272582,0.0326617,0.231977,0.151533,-0.0519505,0.103309,0.0624149,0.00701249,0.172227,0.0804288,0.122032,0.136857,-0.0147439,0.0578753,0.0751035,-0.0118479,0.0145032,0.0165294,-0.0719774,-0.014124,-0.0141555,0.168771,0.0201029,0.0121492,0.0820762,0.0830817,0.0306081,-34545.2
-34196.3,0.718896,0.462414,3,7,0,34213,0.00883915,0.973437,0.189517,-0.045127,0.235532,0.112453,0.281893,0.213193,0.0214585,0.0317081,0.230287,0.156295,-0.0552016,0.0892066,0.0437087,-0.00136258,0.1811,0.0885215,0.114936,0.144492,-0.0146445,0.0500063,0.0733245,0.0101787,-0.00502676,0.011796,-0.0762649,-0.00907897,-0.0224884,0.149475,0.0701745,0.00965055,0.163506,0.0894928,0.0351857,-34568.8
-34190.6,1,0.462414,3,7,0,34215,0.00574395,0.978832,0.199063,-0.0578396,0.227963,0.110069,0.274149,0.198171,0.0102234,0.029593,0.246133,0.154145,-0.0530863,0.08424,0.0570823,0.0249022,0.16251,0.0857805,0.13728,0.138006,-0.0231002,0.0351644,0.0492714,0.0167162,0.00883102,0.00295895,-0.0677054,-0.0248913,-0.0246978,0.1778,0.0824361,-0.00302058,0.108803,0.0838831,0.0344399,-34549.1
-34190.1,0.84573,0.462414,3,7,0,34210.7,0.00989657,0.978697,0.176996,-0.0604321,0.215185,0.122034,0.288077,0.180051,0.0140305,0.0550138,0.232994,0.156842,-0.053515,0.111692,0.0629746,-0.00435949,0.179392,0.0927507,0.154223,0.13732,-0.00890825,0.0413374,0.0623529,0.00564828,0.00821127,-0.014915,-0.063098,-0.000451186,-0.0281729,0.114543,0.0851917,0.00198966,0.1233,0.0725611,0.0463951,-34554.4
-34184.1,0.942086,0.462414,3,7,0,34210.2,-0.00249064,0.979324,0.186254,-0.0490552,0.240709,0.106773,0.283514,0.191195,0.00961435,0.00624677,0.190642,0.140856,-0.0559683,0.0868167,0.0754763,0.00453266,0.176676,0.0745372,0.134921,0.148545,-0.0222808,0.0571042,0.0510761,-0.0106286,0.0376268,0.0329315,-0.0882081,-0.011334,0.0113964,0.148311,0.112943,0.0148227,0.107776,0.0933627,0.0334778,-34518.5
-34188.2,0.80398,0.462414,3,7,0,34204.5,0.00734166,0.977829,0.171404,-0.0678438,0.238316,0.134328,0.292375,0.169511,0.0280698,0.0210494,0.22265,0.1623,-0.0690753,0.104797,0.0705133,-0.0305018,0.152728,0.0902472,0.135788,0.142176,-0.000529118,0.0586586,0.053318,0.00222747,0.0252351,0.00230824,-0.0687741,-0.0170476,-0.0273881,0.113744,0.0708761,-0.00524178,0.104741,0.0665049,0.0533546,-34558.7
-34182.1,0.98191,0.462414,3,7,0,34201.2,0.00157061,0.982758,0.181511,-0.0739247,0.25214,0.117296,0.29108,0.189887,0.0135922,0.0380717,0.215009,0.142346,-0.0734175,0.0928951,0.0562665,-0.00126278,0.177357,0.0710874,0.136326,0.13687,-0.030625,0.0672011,0.0639688,-0.0143825,0.0318643,0.0264362,-0.0695533,-0.00372631,-0.0138717,0.218994,0.0460689,0.0224423,0.129806,0.099262,0.0415452,-34552.3
-34189.7,0.756908,0.462414,3,7,0,34199.9,0.00298598,0.974329,0.176693,-0.0494436,0.229728,0.117678,0.278708,0.166137,0.0233722,0.00786797,0.206873,0.130546,-0.035225,0.100246,0.065557,-0.00547417,0.158827,0.0657423,0.136787,0.153211,0.00648194,0.0503033,0.0656908,0.00308116,0.0324435,0.011351,-0.0800163,0.00742805,-0.0212959,0.043998,0.0744041,0.012769,0.131734,0.191039,0.100427,-34503.6
-34185.3,0.826896,0.462414,3,7,0,34208.2,0.00472766,0.98253,0.187537,-0.0470202,0.233755,0.117131,0.290217,0.20693,0.0253869,0.0420439,0.212728,0.123214,-0.0832638,0.088401,0.0705421,-0.00904107,0.167481,0.0754294,0.138247,0.147361,-0.0119828,0.044393,0.0771792,-0.00284649,0.0455019,0.00700695,-0.0798374,-0.0117655,-0.0140464,0.173668,0.0355777,-0.00441762,0.142415,0.108251,0.0836895,-34542.2
-34180.6,0.941865,0.462414,3,7,0,34200.4,0.00451195,0.979879,0.177326,-0.0737295,0.234697,0.111713,0.287619,0.155574,0.00723666,0.00849668,0.207138,0.160791,-0.0408614,0.0859292,0.0638483,-0.000472153,0.169764,0.0810367,0.152032,0.146107,-0.0191695,0.0687759,0.0481248,0.0048043,0.0214715,0.0193912,-0.080587,-0.00114939,-0.0101992,0.110581,0.121587,-0.0193924,0.111178,0.074933,0.0509308,-34516.8
-34193.1,0.737476,0.462414,3,7,0,34204.6,0.00342149,0.978306,0.169801,-0.0606494,0.22822,0.123779,0.283829,0.213844,0.0311798,0.0288483,0.210575,0.155864,-0.0688564,0.0801627,0.0851511,-0.0156766,0.187836,0.0885961,0.144748,0.161267,-0.0190051,0.0396534,0.0869907,-0.00711085,0.0439189,-0.00639253,-0.0803829,0.00362158,-0.0440287,0.15076,0.0897208,0.0283837,0.108256,0.0939046,0.0444938,-34568.3
-34189.7,1,0.462414,3,7,0,34207.9,0.00407327,0.979246,0.194589,-0.0802824,0.240104,0.101703,0.281631,0.157746,0.00162391,0.024503,0.213074,0.125964,-0.0486374,0.0885448,0.0564528,-0.0114187,0.147936,0.0622115,0.141567,0.143436,-0.00518956,0.0748382,0.0503046,0.0207505,0.0354578,0.0288245,-0.072727,-0.0159853,0.00610359,0.131634,0.0665232,-0.0133336,0.161516,0.119647,0.062767,-34502.7
-34187.8,0.913298,0.462414,3,7,0,34212,-0.00170306,0.978415,0.17024,-0.0374805,0.237861,0.11646,0.286259,0.195115,0.0355359,0.037473,0.214473,0.154732,-0.0532071,0.0944487,0.0601731,0.00276163,0.183554,0.087059,0.144056,0.158848,-0.017751,0.0432554,0.075792,-0.0261126,0.0252678,0.000894939,-0.0836378,0.00846211,-0.0127789,0.142563,0.162131,0.0125549,0.140443,0.121448,0.0351643,-34558.6
-34180.1,0.977759,0.462414,3,7,0,34199.3,0.00398038,0.976735,0.180049,-0.0625792,0.238468,0.129597,0.298776,0.185801,0.0112187,0.0261828,0.213303,0.139371,-0.0615655,0.0976369,0.0563073,-0.0209693,0.176277,0.0602436,0.144604,0.140176,-0.00277442,0.050902,0.0538033,0.0158285,0.0221691,0.00878918,-0.0898712,-0.0123867,0.000754316,0.135216,0.145894,0.000579673,0.107504,0.116321,0.0438558,-34557.5
-34187.6,0.706457,0.462414,3,7,0,34198.1,0.00380667,0.982391,0.18457,-0.0738293,0.218999,0.112022,0.29779,0.186189,0.024036,0.0334567,0.200544,0.147603,-0.0477268,0.101933,0.0793253,-0.0133914,0.170699,0.0536135,0.183404,0.133168,0.0043621,0.0654025,0.0542357,0.00150121,0.0345652,0.00616951,-0.0662468,-0.000926716,-0.00676563,0.0668264,0.106056,0.0160272,0.152366,0.118807,0.0330237,-34530
-34188.1,1,0.462414,3,7,0,34201.6,0.00436667,0.978198,0.173253,-0.0560916,0.25514,0.119217,0.270854,0.177443,0.00966824,0.0197739,0.218726,0.13806,-0.054207,0.0850428,0.0521067,0.0142376,0.158984,0.0994461,0.104514,0.150613,-0.034879,0.0365976,0.0694919,0.00145925,0.0238417,0.0236716,-0.0866469,-0.00920851,-0.00957273,0.170044,0.0708201,-0.00566911,0.108841,0.0579069,0.0548415,-34521.6
-34191.2,0.772407,0.462414,3,7,0,34207.8,0.00454977,0.979895,0.183582,-0.0692163,0.216439,0.112771,0.303783,0.176118,0.0251614,0.0213244,0.208167,0.135666,-0.0578415,0.0908752,0.090709,-0.0188151,0.17509,0.0516913,0.170109,0.150179,0.00339198,0.0633465,0.043314,-0.00806349,0.0432612,0.00218035,-0.063787,-0.00397786,0.00119675,0.0486463,0.102809,0.0219369,0.296025,0.153691,0.0366365,-34540.2
-34182.4,0.952928,0.462414,3,7,0,34207.7,0.00264377,0.977132,0.169059,-0.0583583,0.253069,0.10719,0.289319,0.1735,0.00828823,0.0264801,0.222183,0.135511,-0.0644441,0.0842494,0.0571367,-0.00107001,0.16472,0.0988016,0.129931,0.128889,-0.0203695,0.0506663,0.077441,0.00212257,0.0183643,0.0199762,-0.0846382,0.000279373,-0.0183289,0.0635782,0.0993896,0.0129026,0.12144,0.0605986,0.0685158,-34531.2
-34183,0.944812,0.462414,3,7,0,34197.9,0.00469545,0.981528,0.189003,-0.0649594,0.234368,0.118109,0.278215,0.187013,0.0198974,0.0215808,0.195944,0.150358,-0.0425869,0.100637,0.0816916,0.0142508,0.166672,0.0594479,0.155185,0.172759,-0.00871137,0.0469621,0.0287595,-0.00608469,0.0251236,0.00689632,-0.068766,-0.00192272,-0.0124911,0.171123,0.0743337,0.00640473,0.194988,0.0962663,0.0407972,-34524.4
-34181.2,0.80007,0.462414,3,7,0,34201,0.00311518,0.981988,0.180656,-0.0558355,0.235211,0.120999,0.285989,0.190286,0.0189394,0.0343484,0.201838,0.141748,-0.0442075,0.103086,0.0875505,0.0112405,0.168094,0.0574924,0.159475,0.162669,-0.00178601,0.0478978,0.0424665,0.00776851,0.0236927,0.00891565,-0.0728024,-0.00665572,-0.0102958,0.177689,0.07647,-0.0031894,0.196797,0.0942711,0.0382808,-34532.9
-34186.5,0.963862,0.462414,3,7,0,34196.4,0.00231643,0.974207,0.167943,-0.081229,0.236197,0.11143,0.288117,0.190681,0.0115977,0.0116977,0.213544,0.138755,-0.0380209,0.0810849,0.0621737,-0.000432161,0.163135,0.0723504,0.151984,0.146461,-0.00546438,0.0390885,0.0380861,0.00923837,0.0151054,0.0204441,-0.089284,-0.00721513,-0.0184351,0.220455,0.118278,0.000507576,0.328872,0.0560666,0.0309718,-34524.4
-34186.9,0.691955,0.462414,3,7,0,34208.3,0.00696593,0.978396,0.16296,-0.0868704,0.234045,0.111017,0.281997,0.194948,0.0191251,0.0259244,0.205595,0.14884,-0.0604199,0.081922,0.0603814,0.0140098,0.175342,0.0742517,0.167875,0.134835,-0.0198676,0.0389431,0.0620928,0.000494181,0.0391018,0.0272163,-0.0822353,-0.0138628,0.000184022,0.2126,0.109911,-0.0156377,0.204608,0.0772399,0.0646229,-34531.6
-34183.2,0.999412,0.462414,3,7,0,34197.8,0.00450315,0.979395,0.173813,-0.0726284,0.242688,0.113793,0.270494,0.163744,0.0199736,0.0183766,0.226281,0.137517,-0.05196,0.10023,0.0650401,-0.00436611,0.163932,0.0684248,0.159158,0.137676,-0.0166339,0.0614627,0.0432179,-0.00423027,0.0122296,0.0066023,-0.0619403,-0.0229337,-0.0192346,0.18078,0.0947043,-0.011214,0.25111,0.0682216,0.0486942,-34505.9
-34185,0.83335,0.462414,3,7,0,34201.6,-0.00122137,0.977628,0.165022,-0.0810603,0.229335,0.1284,0.272773,0.183301,0.00841377,0.0230889,0.215126,0.140652,-0.0509758,0.0839417,0.0686847,0.0129201,0.153442,0.0666196,0.132663,0.129653,-0.0110177,0.0344878,0.0555977,-0.000283328,0.0108341,-0.00439523,-0.0676378,-0.00887234,-0.0257869,0.158784,0.0953243,-0.00299865,0.213015,0.0611326,0.0370963,-34490.8
-34186.6,0.781303,0.462414,3,7,0,34207.4,0.00564268,0.980433,0.181635,-0.0622182,0.239085,0.105254,0.278131,0.18222,0.0154191,0.00206263,0.217226,0.14356,-0.0504793,0.102039,0.0832884,0.00140646,0.168808,0.0706227,0.147372,0.150433,-0.0402046,0.0351647,0.0730808,0.0132621,0.0393388,0.0337192,-0.0848581,-0.00614326,-0.0177927,0.107927,0.0773666,-0.0302553,0.0811726,0.0746189,0.070716,-34533.5
-34186.1,0.942884,0.462414,3,7,0,34203,0.0013019,0.97667,0.185059,-0.061146,0.223883,0.115647,0.293649,0.189809,0.0203332,0.0640534,0.214197,0.142147,-0.0480725,0.0902869,0.0683043,-0.000134465,0.164463,0.0704898,0.129164,0.132418,0.011951,0.0503044,0.0395802,-0.0163999,0.0107906,0.00344952,-0.0563896,-0.0013883,-0.00565172,0.159171,0.0993608,0.0107199,0.217145,0.0718537,0.0283013,-34525.2
-34195.8,0.715818,0.462414,3,7,0,34209,0.00674029,0.972566,0.191661,-0.0487121,0.220608,0.105367,0.290436,0.191863,0.0323182,0.0486616,0.215117,0.14575,-0.0562281,0.0987283,0.0525833,-0.000198976,0.161718,0.0696668,0.142645,0.127179,0.0182274,0.0397571,0.0309266,-0.0195978,0.0351554,0.00318814,-0.0657236,-0.0181133,0.00540316,0.195897,0.0702029,0.0173849,0.190575,0.0528346,0.0426593,-34535.8
-34193,1,0.462414,3,7,0,34215.4,0.00337032,0.983768,0.18009,-0.079228,0.265629,0.126818,0.278844,0.172909,0.000989613,0.00429693,0.213836,0.127934,-0.0497273,0.083212,0.0835835,-0.00109685,0.170688,0.0820878,0.144604,0.146519,-0.0413918,0.0555387,0.0756736,0.00380359,0.0118588,0.0167094,-0.0892383,0.00310264,-0.0327753,0.0794996,0.0864503,0.00982466,0.105901,0.0983389,0.0648601,-34535.6
-34187,1,0.462414,3,7,0,34212.2,0.00314688,0.984926,0.172596,-0.0656083,0.261789,0.124279,0.275182,0.181532,0.0021272,0.0116477,0.206316,0.140393,-0.0573944,0.0823905,0.0786233,-0.0128653,0.170714,0.080757,0.142365,0.151703,-0.043432,0.0538394,0.072027,0.0038606,0.0149547,0.0117395,-0.0790709,-0.00240885,-0.0240616,0.103654,0.0664705,0.0146678,0.110194,0.0861388,0.0564747,-34516.6
-34180.6,0.919935,0.462414,3,7,0,34201.8,0.00309624,0.977967,0.188871,-0.0621883,0.215177,0.116131,0.291444,0.192161,0.0328133,0.0458115,0.211709,0.136916,-0.0593776,0.0994432,0.0665284,-0.000121962,0.168454,0.0694441,0.144176,0.13766,0.0112984,0.0440998,0.0450141,-0.0115046,0.0333583,0.0112039,-0.0787235,-0.00892395,-0.00113583,0.198189,0.110258,0.009295,0.173977,0.0770777,0.0441389,-34534
-34185.7,0.720336,0.462414,3,7,0,34205.5,0.0039056,0.97888,0.185544,-0.0473862,0.204167,0.118099,0.296522,0.185552,0.0112852,0.0360152,0.207171,0.159156,-0.0605068,0.0989104,0.0694229,-0.0285233,0.160176,0.0631796,0.131002,0.14544,-0.00361677,0.0639549,0.0398148,-0.0169068,0.0379549,0.0155269,-0.0715505,-0.00685213,-0.00814082,0.0481194,0.0496194,-0.00379196,0.122909,0.0820162,0.0375296,-34517.8
-34186.9,0.9435,0.462414,3,7,0,34197.9,0.00295074,0.98061,0.178802,-0.0876668,0.263022,0.110621,0.276006,0.174346,0.017775,0.0226335,0.204597,0.113445,-0.038978,0.085319,0.0694772,0.0197849,0.180601,0.0789076,0.142289,0.149931,-0.0197717,0.0383554,0.0764808,0.00728654,0.0234145,0.0155535,-0.0741493,-0.0104953,-0.00953289,0.222505,0.11805,0.0190125,0.147035,0.0702816,0.0487955,-34523.1
-34190.2,0.795531,0.462414,3,7,0,34208.4,0.000796864,0.982444,0.185911,-0.0560951,0.23949,0.102707,0.283083,0.177738,0.0135037,0.0273734,0.21338,0.115439,-0.0531463,0.0834356,0.088321,0.0208849,0.18601,0.061416,0.145095,0.147332,0.00460092,0.0469015,0.0666042,0.0164767,0.00614696,0.0121607,-0.06944,0.00903768,-0.0300963,0.194096,0.0321904,-0.00968043,0.138432,0.0751385,0.0326781,-34508.9
-34183.2,0.915017,0.462414,3,7,0,34206.7,0.00186328,0.97903,0.174153,-0.0607109,0.251819,0.100119,0.286563,0.199218,0.0246753,0.0179233,0.206098,0.123577,-0.0510364,0.0848946,0.0815895,0.0190015,0.171183,0.0619266,0.146497,0.141486,-0.0167135,0.0490538,0.0536785,-0.00602358,0.0296771,0.0127313,-0.0895632,0.0139526,-0.0193961,0.0926676,0.0461481,0.0146007,0.131011,0.084525,0.0571992,-34521.8
-34186.2,0.939113,0.462414,3,7,0,34198,0.00488648,0.979946,0.191636,-0.06212,0.221627,0.127228,0.274754,0.161608,0.0219599,0.0288694,0.211055,0.162718,-0.0660623,0.101652,0.0610699,-0.0155708,0.174322,0.0803755,0.143229,0.143583,-0.0158746,0.0535571,0.0567558,-0.000406639,0.0243002,0.00854477,-0.0482851,-0.0177062,0.00813088,0.103029,0.121065,0.0057453,0.195762,0.0815605,0.0249851,-34525
-34182.5,0.952934,0.462414,3,7,0,34200.6,0.00252807,0.977927,0.17264,-0.0693099,0.255201,0.11373,0.287763,0.186262,0.0119865,0.0308631,0.198705,0.115003,-0.0411183,0.0736727,0.0624458,-0.00176119,0.165693,0.0724285,0.144119,0.149938,-0.00247897,0.0356454,0.0582006,-0.00209711,0.044082,0.00166248,-0.0986697,0.00101881,-0.0210763,0.116025,0.045852,0.00492766,0.106866,0.101742,0.0574118,-34514.3
-34188.3,0.827736,0.462414,3,7,0,34200.5,0.00146582,0.980793,0.192798,-0.0823302,0.239179,0.113698,0.281322,0.173949,0.00169028,0.0313477,0.207711,0.110819,-0.0395345,0.0813785,0.0663031,-0.00898522,0.157703,0.0705443,0.141113,0.140366,-0.00601892,0.0465267,0.0478305,0.00962697,0.0345972,-0.00151639,-0.0939897,0.0144711,-0.0140997,0.217348,0.0499615,0.0317277,0.126488,0.111885,0.038074,-34494.7
-34189.1,0.992691,0.462414,3,7,0,34198.1,0.00682724,0.975759,0.168651,-0.0504374,0.237106,0.114386,0.287394,0.188731,0.0337479,0.0174693,0.211159,0.171159,-0.0645245,0.0950085,0.0688428,-0.0138579,0.177084,0.0761279,0.150281,0.149093,-0.0208113,0.0529068,0.0709606,-0.0162202,0.0215798,0.0252948,-0.0559067,-0.0201295,-0.0118896,0.0263717,0.114229,-0.0271593,0.153273,0.067915,0.062206,-34555.4
-34187.1,0.98455,0.462414,3,7,0,34202.1,0.00490924,0.976598,0.161934,-0.0564731,0.236869,0.109897,0.284088,0.182606,0.0381308,0.021329,0.215364,0.169856,-0.0614695,0.0892232,0.0717741,-0.011189,0.178445,0.0769902,0.15453,0.157683,-0.0212522,0.0543722,0.0671463,-0.0150038,0.0217776,0.0205345,-0.0722546,-0.0170113,-0.0141674,0.0159536,0.103515,-0.0291336,0.125084,0.0779904,0.0675448,-34549.7
-34189.8,0.70135,0.462414,3,7,0,34206.7,0.00100807,0.978539,0.203584,-0.0760423,0.235086,0.11639,0.289344,0.183272,-0.0046,0.025194,0.209643,0.108741,-0.0442589,0.0945766,0.067615,-0.00794157,0.151558,0.0732212,0.142995,0.142318,-0.000997477,0.0559763,0.0547031,0.0209082,0.0403706,0.0117124,-0.0815049,0.00406084,-0.00658164,0.311727,0.0874718,0.048709,0.237744,0.0881694,0.0520116,-34527.8
-34193.1,0.741534,0.462414,3,7,0,34209.2,-0.00241376,0.977627,0.209646,-0.0704546,0.233375,0.116053,0.289441,0.18774,-0.000801523,0.0277063,0.206,0.112822,-0.0515223,0.0961359,0.0664325,-0.00398139,0.145773,0.0854751,0.138243,0.128886,0.00118873,0.0511744,0.0508833,0.0178872,0.0434303,0.0169376,-0.070322,0.00911491,-0.00878673,0.329584,0.0945759,0.0457487,0.268377,0.0717895,0.0584017,-34526.5
-34185.1,0.993849,0.462414,3,7,0,34204.4,0.00811436,0.98084,0.179784,-0.054325,0.233268,0.102175,0.275512,0.180585,0.0297088,0.0199775,0.222942,0.148374,-0.0673227,0.0958798,0.0764674,-0.0100982,0.150123,0.0779952,0.150533,0.157255,-0.00903361,0.0535645,0.0733785,-0.0190163,0.0267507,0.0197745,-0.0801931,-0.000617506,-0.00726871,0.251117,0.0794986,0.0325688,0.270106,0.0715733,0.0615931,-34526
-34182.2,0.907555,0.462414,3,7,0,34198.9,-0.000670871,0.978075,0.178159,-0.0614566,0.230703,0.118261,0.298329,0.183592,-0.00564796,0.0318202,0.201769,0.145779,-0.0547631,0.0927462,0.0674814,0.00147172,0.18071,0.0701912,0.138085,0.12168,-0.0208499,0.0628966,0.0580259,0.0155831,0.0340852,0.0175085,-0.0631307,-0.00164501,-0.0040482,0.119277,0.103626,-0.00568587,0.110341,0.094744,0.036962,-34529
-34180.2,0.950416,0.462414,3,7,0,34197,0.0020086,0.978265,0.179125,-0.0637274,0.232411,0.112559,0.296335,0.18781,0.0025261,0.04034,0.207604,0.146797,-0.0602159,0.0923006,0.0667857,0.000370624,0.175815,0.069781,0.145791,0.123401,-0.0235653,0.0686751,0.0561848,0.0104793,0.033167,0.0163037,-0.0668396,-0.0155916,-0.019316,0.0858044,0.0962928,-0.00194225,0.109579,0.0937435,0.0336301,-34532.1
-34186.4,0.792166,0.462414,3,7,0,34201.5,0.00829413,0.980536,0.163798,-0.0672112,0.229816,0.0994769,0.289995,0.182058,0.0143784,0.0496001,0.218928,0.165809,-0.0584619,0.102199,0.0861562,-0.0232547,0.190554,0.0751416,0.128448,0.14558,-0.0197204,0.0557132,0.0585127,0.00609893,0.0255195,0.00949391,-0.0803259,-0.00281796,0.00372617,0.16778,0.0589653,0.0151606,0.178409,0.0747413,0.0547669,-34539.7
-34184.5,0.798016,0.462414,3,7,0,34208.2,-0.000356999,0.979836,0.192621,-0.0557564,0.246927,0.137232,0.286638,0.176656,0.0187943,0.0083361,0.195584,0.122804,-0.0556502,0.0777761,0.046964,-0.00752846,0.150818,0.0819433,0.153431,0.14899,-0.0101014,0.0446431,0.0656601,-0.00611275,0.0310567,0.015032,-0.0749111,-0.00776715,-0.0237673,0.101493,0.117067,-0.00760307,0.0840862,0.144754,0.0436588,-34517.9
-34192.9,0.43197,0.462414,3,7,0,34211.3,-0.00288443,0.976099,0.184006,-0.0611793,0.24573,0.134097,0.27585,0.185838,0.0232022,0.0166433,0.208031,0.136572,-0.0461461,0.07192,0.0532464,0.000698495,0.160042,0.0730218,0.158288,0.155036,0.0283513,0.0673036,0.0565688,0.0190726,0.0366146,0.0150618,-0.0900977,-0.00754035,-0.018812,0.138091,0.104069,0.000410855,0.0716248,0.108119,0.0397315,-34546.2
-34187.2,0.874625,0.462414,3,7,0,34211.5,0.00456832,0.98154,0.187752,-0.0447383,0.227961,0.107643,0.276413,0.184447,0.0224933,0.0127985,0.19705,0.125284,-0.0410294,0.10538,0.0571977,-0.0109263,0.183695,0.0723023,0.144201,0.131873,-0.0317942,0.0492006,0.0532744,-0.0109895,0.0381524,-0.00202685,-0.0635248,-0.0347949,-0.00332276,0.0917958,0.11012,0.01364,0.154581,0.0683347,0.0377415,-34478.6
-34189.9,0.954945,0.462414,3,7,0,34203.3,0.00249857,0.976488,0.176743,-0.0923509,0.24281,0.120844,0.28812,0.176768,0.013584,0.0462499,0.2247,0.159704,-0.0524716,0.0899203,0.0869308,0.00463526,0.143612,0.0684597,0.130149,0.147202,0.0101463,0.0419307,0.0531202,0.00349938,0.016746,0.0318447,-0.0794631,0.0161387,-0.00755944,0.16152,0.0653246,-0.00767727,0.121841,0.0713121,0.0408088,-34564.9
-34191.1,0.970493,0.462414,3,7,0,34210.6,0.00558995,0.980607,0.186399,-0.0507356,0.239823,0.122692,0.290763,0.182023,0.0250999,0.0376599,0.19747,0.151481,-0.0391545,0.0987394,0.0759897,0.0142322,0.146247,0.0815744,0.153313,0.13191,-0.0264498,0.0192467,0.0818539,0.00178308,0.032215,0.0300305,-0.0799993,0.00362353,-0.00473341,0.101087,0.131882,0.0284799,0.0962811,0.0616973,0.0367907,-34533.9
-34186.8,1,0.462414,3,7,0,34208.6,0.00422931,0.975907,0.181507,-0.0671938,0.244114,0.111123,0.285901,0.186313,0.0125591,-0.00447145,0.21387,0.142314,-0.0447366,0.088136,0.0649069,-0.0192285,0.167002,0.0995891,0.12289,0.158296,-0.00330488,0.0448384,0.0512152,-0.013098,0.0292119,0.0162835,-0.0971139,-0.0208301,-0.0132929,0.175851,0.0589643,0.00211584,0.134956,0.082161,0.0950179,-34543.6
-34185.7,0.945983,0.462414,3,7,0,34205.3,0.00285915,0.977242,0.17776,-0.0701153,0.227621,0.121659,0.287702,0.173039,0.0189414,0.061273,0.211766,0.143239,-0.0551125,0.0988385,0.0683412,0.0032206,0.172948,0.0591466,0.160041,0.120702,-0.0244776,0.0468338,0.0662989,0.00124046,0.014654,0.00274248,-0.0635197,0.0114783,-0.00577402,0.0651958,0.10983,0.0133745,0.148533,0.0630941,0.0268365,-34525.4
-34186.6,0.840376,0.462414,3,7,0,34206.9,0.00175431,0.979956,0.178518,-0.0770091,0.251403,0.12215,0.276751,0.184994,0.0206765,0.0375939,0.2089,0.15347,-0.0474358,0.0655878,0.0557423,-0.011362,0.168307,0.0934355,0.106473,0.143061,-0.0136967,0.0637771,0.0470527,-0.0041493,0.0403224,0.0197819,-0.0701857,-0.0243607,-0.0183406,0.180281,0.070783,-0.00333143,0.0897315,0.0972797,0.0545952,-34519.9
-34182.8,0.937693,0.462414,3,7,0,34201.2,-0.00480247,0.975562,0.171866,-0.0641412,0.250583,0.113933,0.288998,0.187207,0.0207124,0.0283173,0.226904,0.133444,-0.058142,0.0909237,0.0558924,-0.0131945,0.16616,0.0967176,0.121616,0.146312,-0.0209197,0.0482699,0.0355678,-0.00872222,0.0303752,0.0209655,-0.0794395,-0.0139538,-0.0113934,0.160911,0.090873,-0.00256233,0.099352,0.105384,0.0437003,-34549.5
-34194,0.519105,0.462414,3,7,0,34211.1,0.0118374,0.980576,0.175075,-0.0595327,0.239415,0.127271,0.289417,0.162113,0.00624828,0.0382927,0.188196,0.17081,-0.0474935,0.0777075,0.0700862,0.000522027,0.178739,0.0626557,0.151234,0.13565,-0.0145195,0.042751,0.071832,0.0134855,0.026748,0.011345,-0.0930396,0.00226253,0.000133241,0.0476908,0.0137731,-0.0112569,0.238857,0.1052,0.0579547,-34521
-34194.3,1,0.462414,3,7,0,34210.6,-0.00499067,0.977111,0.19361,-0.0541421,0.246771,0.109954,0.281093,0.19814,0.0212777,0.00754073,0.228059,0.105592,-0.0691601,0.0858519,0.0574702,-0.0120057,0.159991,0.0814129,0.150083,0.143929,-0.0152101,0.0645828,0.0609345,-0.0211531,0.0367382,0.0164208,-0.0631105,-0.00693053,-0.00720729,-0.0266935,0.136145,0.0237081,0.252898,0.0738536,0.0425976,-34544.7
-34185.1,0.99365,0.462414,3,7,0,34210.1,0.000528739,0.982882,0.191456,-0.0742552,0.245892,0.11306,0.287699,0.153379,0.0361186,0.0214104,0.219737,0.130742,-0.0711908,0.0784447,0.0661143,0.00380766,0.1817,0.0789535,0.139284,0.142401,0.00377164,0.0568075,0.0647808,0.0131602,0.0381298,0.0130541,-0.0818985,-0.00545782,-0.00287407,0.0655981,0.0909277,-0.011582,0.14218,0.0937115,0.0412539,-34541.3
-34187.4,0.865447,0.462414,3,7,0,34204.8,0.004979,0.982464,0.184768,-0.0761892,0.246696,0.109517,0.277931,0.178906,0.0271882,0.0168902,0.194255,0.131789,-0.0610354,0.0767355,0.0683424,0.00745968,0.178033,0.0878571,0.138415,0.133127,-0.00956228,0.0626636,0.079253,0.0177888,0.0192572,0.0166881,-0.0799782,-0.0132203,-0.0221575,0.0597386,0.112193,-0.0204285,0.285387,0.0869648,0.0546575,-34501.4
-34183.8,0.99028,0.462414,3,7,0,34199.9,0.00406204,0.976007,0.188547,-0.0682234,0.239894,0.114655,0.277341,0.152706,0.00960454,0.0293917,0.194903,0.136764,-0.0587299,0.0656685,0.0638,0.0109534,0.169807,0.0827594,0.12935,0.139913,-0.0220528,0.0520754,0.0549255,0.0134231,0.0207157,0.0206081,-0.0800279,0.000900677,-0.0153349,0.0756144,0.0876941,-0.0242162,0.202409,0.0953081,0.0522665,-34490.1
-34182.9,0.99818,0.462414,3,7,0,34196.3,0.000355911,0.982626,0.202528,-0.0790747,0.246487,0.119425,0.279533,0.154753,0.0268571,0.015722,0.208062,0.145811,-0.0598575,0.0870595,0.0588031,-0.0132744,0.179697,0.0636227,0.15431,0.154461,-0.0230232,0.0517423,0.0460901,-0.00382994,0.0356382,0.0162019,-0.0773625,-0.0130712,-0.00127465,0.0723284,0.0732792,-0.0172117,0.11803,0.0777078,0.0534178,-34534.4
-34178.6,0.887336,0.462414,3,7,0,34195,0.00399905,0.975256,0.165822,-0.0587882,0.224161,0.121008,0.288216,0.176802,0.0217204,0.0250189,0.218048,0.134547,-0.0410316,0.0910118,0.0743457,0.0115361,0.181051,0.0815459,0.135385,0.145819,-0.00996474,0.0527246,0.0642359,-0.00422966,0.0139524,0.00705533,-0.078514,-0.0149221,-0.00684873,0.182886,0.138402,0.0138167,0.110599,0.0869064,0.0427139,-34531.2
-34189.8,0.554575,0.462414,3,7,0,34202.7,0.00255524,0.983792,0.195334,-0.0623427,0.225195,0.124262,0.274091,0.166066,0.0154755,0.0407374,0.218736,0.147521,-0.0674505,0.0927089,0.0697535,-0.0125644,0.183893,0.065241,0.126211,0.130991,0.00206703,0.0449052,0.0715904,0.0279829,0.0500161,0.00584757,-0.0619615,0.0230332,-0.0119081,0.0663798,0.0610905,0.0123799,0.14308,0.114054,0.0343772,-34519.9
-34180,0.84766,0.462414,3,7,0,34206.1,0.00481276,0.975973,0.193244,-0.0591161,0.235322,0.104655,0.288427,0.188987,0.01675,0.0133225,0.197363,0.122957,-0.0493731,0.104218,0.0599414,-0.00942128,0.178321,0.0698002,0.140805,0.151238,0.00458028,0.0561451,0.0442031,-0.0156066,0.0311083,0.0284181,-0.0800957,0.00411566,-0.00179582,0.159492,0.0864884,0.0195684,0.114832,0.0552416,0.0455608,-34526.3
-34183.7,0.89183,0.462414,3,7,0,34194.8,0.000671808,0.981208,0.177454,-0.0566985,0.257645,0.125392,0.272747,0.190815,0.0251714,0.0355383,0.20519,0.136346,-0.0599432,0.0612682,0.075463,0.0167743,0.159423,0.0764989,0.1351,0.148686,-0.0256233,0.052226,0.0804677,0.0203965,0.0183243,0.0244048,-0.0701617,0.0093275,-0.0143165,0.102819,0.0716714,-0.00192756,0.118434,0.0942311,0.0416074,-34519.5
-34179.9,0.98039,0.462414,3,7,0,34191.3,0.00648605,0.974961,0.176339,-0.0625763,0.217529,0.111778,0.289886,0.177247,0.0130298,0.0231595,0.212333,0.153556,-0.058076,0.114381,0.0639519,-0.0156262,0.166665,0.0695332,0.148611,0.136856,-0.00195819,0.0584148,0.0380035,-0.0231197,0.0332039,0.00406433,-0.0734233,-0.00800949,0.000369207,0.163504,0.0790379,0.0205225,0.109976,0.0720358,0.0393686,-34529.1
-34183.4,0.93866,0.462414,3,7,0,34194.9,-0.00172699,0.978592,0.192929,-0.0607221,0.232666,0.0930168,0.299632,0.180017,0.0240786,0.0326844,0.204341,0.14768,-0.0628909,0.0970807,0.0601562,-0.0167623,0.177096,0.070085,0.150654,0.164175,-0.0262781,0.0760089,0.0544239,0.00395435,0.0370539,0.0060981,-0.0618093,-0.0011246,-0.0141767,0.117525,0.0837526,-0.00581828,0.104279,0.12146,0.0331007,-34546.8
-34181.9,0.913094,0.462414,3,7,0,34199.1,0.00207214,0.979205,0.1931,-0.0645986,0.238572,0.0955289,0.302756,0.188107,0.0280369,0.0253324,0.207613,0.144204,-0.0605638,0.0895763,0.0682759,-0.0219117,0.183044,0.0691451,0.143758,0.159929,-0.0213697,0.0770067,0.0592308,-0.00377763,0.0434552,0.0014885,-0.0558785,0.000693731,-0.00802762,0.109472,0.0749843,0.0151759,0.111563,0.0993776,0.0363214,-34558.8
-34187.1,0.812424,0.462414,3,7,0,34202,0.00536844,0.978279,0.157594,-0.0684493,0.230073,0.102134,0.302985,0.174821,0.0276843,0.0204576,0.220911,0.126673,-0.0706103,0.0797185,0.0676968,-0.00583582,0.164613,0.066602,0.156574,0.128866,0.00280796,0.0343076,0.0550762,0.0205009,0.0159793,0.0212462,-0.075654,0.0172688,-0.0111935,0.153002,0.0429278,0.00786868,0.154122,0.0922303,0.0366692,-34511.7
-34191.4,0.816269,0.462414,3,7,0,34209.6,0.00076318,0.97889,0.180628,-0.0571759,0.239501,0.139716,0.291462,0.190119,0.00633398,9.82595e-05,0.208825,0.164276,-0.0240778,0.078149,0.0666797,-0.0112354,0.154,0.0839665,0.162578,0.151495,-0.0238139,0.0553647,0.0651764,-0.0057497,0.0392564,-0.010486,-0.0767048,-0.0156872,0.00275771,0.0664418,0.0816143,-0.000948956,0.217463,0.0881768,0.0430333,-34562.1
-34181.9,0.939531,0.462414,3,7,0,34204.6,0.00353712,0.983537,0.180592,-0.0708112,0.240528,0.129023,0.277801,0.192682,0.0205892,0.0340238,0.208889,0.153691,-0.045535,0.076621,0.0676204,-0.00464357,0.156581,0.0751863,0.144605,0.162094,-0.0197937,0.0545527,0.0629489,0.000956654,0.0423754,-0.00529701,-0.0776546,-0.00547568,-0.0208901,0.222258,0.111623,-0.00442405,0.240157,0.0640397,0.042202,-34530.7
-34182.2,0.908746,0.462414,3,7,0,34195.7,0.00501232,0.977609,0.185672,-0.0506186,0.238418,0.101327,0.286502,0.170058,0.0123142,0.0201898,0.203246,0.122957,-0.0668833,0.0992162,0.0689843,0.000359851,0.181279,0.0777801,0.143635,0.14316,-0.00476666,0.0568896,0.0510153,-0.00726817,0.0186962,0.029576,-0.0792552,-0.00103626,0.00106614,0.0828819,0.056019,0.0310532,0.0786471,0.106475,0.0654239,-34514.3
-34182.7,0.772841,0.462414,3,7,0,34205.4,0.00268846,0.980454,0.179404,-0.0760671,0.244084,0.132424,0.29832,0.192105,0.0113823,0.0216248,0.203759,0.145672,-0.0498657,0.0745255,0.0649406,-0.00264818,0.163629,0.0893271,0.153393,0.14536,-0.0152852,0.0571308,0.0591644,-0.00885914,0.0301529,0.00651668,-0.0822012,0.0021215,-0.00179422,0.137967,0.07078,0.0407822,0.357549,0.0817887,0.0669187,-34556.3
-34180.3,0.69721,0.462414,3,7,0,34205.4,-0.00302501,0.980872,0.180916,-0.0474283,0.230263,0.1001,0.281428,0.172268,0.0226615,0.0311905,0.224625,0.142647,-0.0553301,0.114943,0.0661895,-0.00948946,0.168935,0.06533,0.136429,0.137881,-0.014358,0.0508849,0.0589404,0.00236046,0.0373921,0.0221285,-0.0722271,-0.00670718,-0.0171794,0.160805,0.0731842,0.00662907,0.0892771,0.114651,0.065334,-34513.9
-34182.4,0.844598,0.462414,3,7,0,34198.6,0.00783317,0.977496,0.178528,-0.0760894,0.237432,0.132112,0.294259,0.191029,0.0100884,0.025949,0.187463,0.141846,-0.0617071,0.0761192,0.0672809,-0.00432552,0.167725,0.0909319,0.147842,0.166562,-0.0140513,0.043756,0.046537,-0.0054369,0.0261318,-0.00061803,-0.0834299,-0.00466058,-0.00423152,0.102896,0.0490886,0.0103366,0.192839,0.0842013,0.0307228,-34543.8
-34183.4,0.956309,0.462414,3,7,0,34195.5,0.00435924,0.979896,0.187371,-0.0788966,0.232426,0.121798,0.30094,0.176448,0.0173853,0.0476058,0.20515,0.147086,-0.0587145,0.0994681,0.0356415,-0.00765581,0.170781,0.0830041,0.13529,0.155093,-0.0254811,0.0506891,0.0401931,-0.00152023,0.0159939,-0.00123058,-0.0873539,-0.00253313,-0.00738658,0.156241,0.0828713,-0.0237153,0.172388,0.0952419,0.0413207,-34544.6
-34185.6,0.933074,0.462414,3,7,0,34199.5,0.00430579,0.97677,0.164179,-0.0693991,0.2221,0.132303,0.283245,0.178476,0.0124986,0.0322987,0.213311,0.1435,-0.042701,0.113333,0.0305662,-0.00138246,0.177898,0.0666596,0.157142,0.13537,-0.0281644,0.0590004,0.0659003,-0.00417918,0.0248279,0.00936293,-0.0813776,-0.00507054,-0.00243355,0.0895049,0.0826964,-0.0230284,0.114531,0.0709629,0.0727311,-34529.5
-34184.5,0.965298,0.462414,3,7,0,34198.9,0.000383671,0.981181,0.164638,-0.070228,0.220235,0.129134,0.292477,0.182915,0.0123146,0.0161163,0.212142,0.139527,-0.0631815,0.11114,0.0421816,-0.00380461,0.165882,0.0876412,0.143026,0.142764,-0.0256166,0.0642488,0.0623457,-0.0142136,0.0364794,0.015457,-0.0833448,-0.0239851,-0.00965585,0.0442923,0.0749192,-0.0184595,0.120878,0.0617186,0.0608314,-34531
-34182.5,0.920512,0.462414,3,7,0,34200.2,0.00764079,0.977204,0.193598,-0.0581673,0.237997,0.102999,0.279825,0.177566,0.0127361,0.0374543,0.195001,0.146507,-0.0513737,0.0928845,0.0936628,-0.0017991,0.165472,0.081763,0.14899,0.15055,-0.00874792,0.0381293,0.0532726,0.00975702,0.0136954,0.0167592,-0.0849271,0.00850644,-0.00222458,0.233685,0.110277,0.0206729,0.154929,0.10311,0.0410438,-34518.7
-34190.6,0.807886,0.462414,3,7,0,34199.8,0.00494702,0.982825,0.189915,-0.0629389,0.232653,0.092885,0.274782,0.169047,0.0124037,0.0232712,0.203722,0.152636,-0.0655851,0.0783667,0.0833213,-0.00218665,0.173016,0.0819317,0.15446,0.150357,0.00403152,0.0517561,0.0512956,0.00852799,0.0188401,0.0244588,-0.0887308,0.00518392,0.022405,0.233801,0.105708,0.00099377,0.148018,0.127248,0.0352529,-34506.4
-34191.8,0.881941,0.462414,3,7,0,34213.6,0.00686914,0.978546,0.175854,-0.0740888,0.245499,0.128958,0.29511,0.19242,0.0213967,0.0271769,0.208139,0.125187,-0.0267698,0.103024,0.0553867,-0.00662904,0.159306,0.0679897,0.133711,0.137815,-0.0305563,0.0434842,0.067155,-0.00508943,0.0497637,0.00438322,-0.0676587,-0.0125855,-0.0403873,0.0146764,0.0766104,0.026019,0.138632,0.071262,0.0525317,-34535.4
-34187.2,1,0.462414,3,7,0,34205.4,0.00729066,0.975866,0.188085,-0.0844444,0.254961,0.114635,0.283952,0.182276,0.0236406,0.0241636,0.20001,0.145722,-0.0346898,0.0883091,0.0556727,-0.0085651,0.171451,0.0657133,0.137926,0.146541,-0.0280975,0.0537856,0.0758138,0.00627915,0.0329969,0.00936774,-0.068687,-0.0041946,-0.042434,0.0187423,0.0619859,0.00362158,0.234467,0.0728612,0.0532001,-34538
-34192.1,0.844338,0.462414,3,7,0,34205.4,-0.000196791,0.982483,0.175295,-0.0573301,0.221193,0.128206,0.280782,0.188958,0.00411677,0.0351561,0.220689,0.135189,-0.062888,0.094339,0.0694592,-0.00420716,0.149073,0.0917199,0.143977,0.143533,0.00867569,0.0444654,0.0405364,0.00165396,0.032645,0.0298622,-0.0960182,-0.0194403,0.0225399,0.159462,0.113758,-0.000823566,0.127897,0.0759224,0.0930641,-34525.8
-34184.2,1,0.462414,3,7,0,34203.2,0.00728633,0.975698,0.187295,-0.0692733,0.249801,0.106199,0.292757,0.181146,0.0120422,0.0198626,0.201218,0.148167,-0.0464804,0.114433,0.0650649,-0.00691498,0.177576,0.0881003,0.125082,0.150373,-0.0167537,0.0655164,0.0587463,-0.00386716,0.0254482,0.0308206,-0.0797738,0.00586629,-0.0345606,0.114509,0.0723164,0.0285847,0.100936,0.0763504,0.0633017,-34556.7
-34187.9,0.872741,0.462414,3,7,0,34206.2,0.0040941,0.977396,0.171277,-0.0706898,0.22786,0.0980222,0.280273,0.181661,0.0129181,0.0427068,0.195004,0.13798,-0.0461959,0.104947,0.0783792,0.000709401,0.182483,0.0583413,0.143654,0.147472,-0.0287012,0.0648193,0.0378193,-0.000973723,0.0200529,-0.0231193,-0.0726597,0.00995216,-0.00727097,0.133449,0.0997178,-0.0102018,0.157163,0.075981,0.0268198,-34490.9
-34190.5,0.825048,0.462414,3,7,0,34206.3,0.00296963,0.979285,0.180447,-0.0624839,0.255676,0.123501,0.290381,0.170635,0.026468,0.00187086,0.225763,0.142178,-0.0672374,0.0800555,0.0673046,-0.0112163,0.159472,0.0871438,0.147348,0.158783,0.0103742,0.040011,0.0687051,0.00321661,0.0379819,0.0373184,-0.0690536,-0.0214567,-0.0277693,0.21053,0.102679,0.0161121,0.166267,0.096685,0.0882608,-34570.3
-34186.9,0.993092,0.462414,3,7,0,34207.6,0.0050436,0.978688,0.189127,-0.0630995,0.230262,0.107212,0.293645,0.211192,0.0210745,0.0361828,0.221601,0.144425,-0.0392212,0.113273,0.0689358,-0.00977847,0.182059,0.0646579,0.156086,0.130211,-0.0258318,0.0710235,0.0524919,0.0129218,0.0284619,0.0156114,-0.0776728,-0.00456216,-0.0137807,0.189063,0.137974,0.0207827,0.144335,0.090147,0.0316954,-34563.5
-34187,0.982843,0.462414,3,7,0,34203.7,0.00396349,0.977931,0.185818,-0.0680312,0.232878,0.104426,0.293143,0.200734,0.00908664,0.0280377,0.217562,0.132928,-0.0367356,0.087147,0.0715059,-0.0104018,0.178896,0.0644692,0.147497,0.150209,-0.028596,0.0625902,0.0445978,-0.0116757,0.0367006,0.0282195,-0.0759963,0.0135764,-0.0134364,0.163306,0.173369,0.0120884,0.204743,0.0803405,0.0510658,-34544.3
-34188.8,0.825042,0.462414,3,7,0,34206.1,0.00919809,0.983561,0.173369,-0.0580246,0.245169,0.116005,0.277409,0.166782,0.0233926,0.0271326,0.2044,0.146659,-0.0673496,0.0963868,0.0557495,-0.00836027,0.161263,0.0891323,0.141004,0.139544,0.0047736,0.0412806,0.0771057,0.0091604,0.0203238,0.000988319,-0.07577,-0.0221425,-0.00680445,0.169479,-0.0369573,-0.00408765,0.0987287,0.1304,0.0406064,-34501.4
-34187.3,0.823294,0.462414,3,15,0,34205.8,0.0012936,0.981045,0.191612,-0.0698402,0.231794,0.107405,0.290196,0.193266,0.0114625,0.018165,0.212552,0.137735,-0.0526944,0.0841928,0.0757111,-0.0159747,0.176306,0.0566079,0.140351,0.14676,-0.0289894,0.0628403,0.0451596,-0.0170064,0.031051,0.0225367,-0.0920668,0.0108127,-0.0205512,0.0982594,0.216175,0.00962617,0.149091,0.12463,0.0487873,-34527.2
-34187.9,0.845213,0.462414,3,7,0,34203.3,0.00905123,0.982829,0.168667,-0.0530114,0.234433,0.12409,0.284628,0.167844,0.0234271,0.038805,0.203188,0.15208,-0.0567462,0.098466,0.0573943,-0.00654096,0.163284,0.094172,0.146866,0.143469,-0.00014853,0.035595,0.0624595,0.00841222,0.0204665,-0.000506328,-0.0614353,-0.0171138,-0.00755794,0.187684,0.132272,0.0242665,0.112788,0.181489,0.0466628,-34506
-34188.8,0.783199,0.462414,3,7,0,34210.2,0.00387766,0.974722,0.188517,-0.0557395,0.236231,0.0946644,0.276882,0.149649,0.0131975,0.00829772,0.196783,0.139899,-0.042409,0.0724303,0.0795587,0.0104122,0.163262,0.0687643,0.142664,0.146018,-0.0266561,0.0521952,0.0534894,-0.0191886,0.0217818,0.0220384,-0.0895366,0.00784521,0.00274618,0.120491,0.121049,-0.0214122,0.174379,0.0986853,0.047344,-34483.8
-34181.7,0.970183,0.462414,3,7,0,34202.1,0.00352546,0.981909,0.17458,-0.0698551,0.236758,0.120207,0.288737,0.202558,0.00824498,0.0430387,0.213317,0.137925,-0.0649223,0.109459,0.0702989,-0.00509088,0.161278,0.0896054,0.146207,0.159214,-0.00366077,0.0424786,0.0644643,0.017354,0.0311157,0.0137075,-0.0706744,-0.013872,-0.0256446,0.121522,0.0763497,0.0263783,0.0915462,0.0708524,0.0412252,-34553.1
-34183.3,0.951506,0.462414,3,7,0,34197.5,0.00224132,0.981481,0.175278,-0.0629853,0.239754,0.10891,0.294814,0.196811,0.0169675,0.0277072,0.212827,0.131708,-0.0642717,0.088331,0.0729967,-0.0148331,0.166233,0.0918497,0.141509,0.140776,-0.00227112,0.0443237,0.0509361,0.0364064,0.0231753,-0.00189662,-0.0764688,-0.0199091,-0.000610162,0.124272,0.0451601,0.023974,0.109093,0.0725097,0.052495,-34528.5
-34188.7,0.908437,0.462414,3,7,0,34201.3,0.00442423,0.981506,0.177103,-0.0571551,0.219024,0.0950868,0.292016,0.187368,0.0163162,0.0126392,0.228632,0.132299,-0.0521392,0.108328,0.0728207,-0.0350764,0.169404,0.097784,0.146508,0.128831,-0.00377077,0.0429107,0.0425045,0.0252836,0.0310989,0.0141749,-0.082876,-0.0219976,-0.00970672,0.121303,0.057424,0.0171127,0.0973383,0.0936183,0.0433759,-34513.1
-34194.9,0.688992,0.462414,3,7,0,34214.3,0.00536987,0.974041,0.185927,-0.0687872,0.24523,0.137198,0.282237,0.175048,0.0142706,0.0394967,0.186882,0.14776,-0.0483495,0.0717345,0.0605102,0.026746,0.167669,0.0628481,0.148477,0.174492,-0.0213059,0.0541144,0.0902212,-0.0218946,0.0390728,0.00933049,-0.0819731,0.00801597,-0.0202301,0.145385,0.120914,0.0116531,0.15255,0.0678152,0.0771789,-34563.9
-34190.8,0.996921,0.462414,3,7,0,34212.9,-9.80968e-05,0.984441,0.181869,-0.0452935,0.235483,0.105882,0.283367,0.187875,0.0180579,0.0294933,0.211965,0.143659,-0.0438737,0.0991681,0.0865958,-0.0135003,0.175456,0.10233,0.149009,0.136226,-0.00654226,0.0516118,0.0589597,-0.00432081,0.00382896,0.0171061,-0.0717123,0.0282954,-0.0178942,0.12728,0.07175,0.0107223,0.0793886,0.0698093,0.052267,-34514.4
-34202.7,0.697083,0.462414,3,7,0,34218.2,0.0048858,0.974127,0.148082,-0.0728974,0.244869,0.127579,0.264106,0.178909,0.0304851,0.0210912,0.221804,0.149643,-0.0664182,0.0650032,0.0481135,0.0150594,0.165555,0.0517208,0.151999,0.13448,-0.0163471,0.0509061,0.0489709,-0.0120767,0.0467785,0.00966936,-0.0770238,-0.0437445,0.00415071,0.142719,0.170855,-0.00538255,0.155259,0.123815,0.0301336,-34518.4
-34188.9,0.893036,0.462414,3,7,0,34220.5,1.41352e-06,0.980734,0.177637,-0.0686494,0.234308,0.112008,0.280578,0.173483,0.0141003,0.00906677,0.221282,0.141789,-0.0654978,0.0840588,0.0693681,-0.00230295,0.188173,0.0685072,0.14949,0.134154,-0.00493433,0.0378131,0.0463546,-0.0089792,0.0282608,0.0280812,-0.0676244,-0.0331973,-0.0104618,0.0376611,0.180547,0.00748202,0.131955,0.251174,0.0417822,-34519.7
-34188.5,0.924156,0.462414,3,7,0,34205.9,0.00656091,0.975458,0.168788,-0.0728609,0.236129,0.0952232,0.308045,0.164978,0.0319032,0.0203768,0.215557,0.157317,-0.0557332,0.0857874,0.0681014,-0.0124666,0.173886,0.0546853,0.167555,0.143474,-0.0236936,0.0417923,0.0647296,0.00935332,0.0219252,0.0259805,-0.0702456,0.0014997,0.00378118,0.171459,0.13568,0.00259357,0.17033,0.137925,0.037,-34552
-34186.6,0.94093,0.462414,3,7,0,34206.3,0.00520006,0.976789,0.193079,-0.0566414,0.237669,0.127465,0.273319,0.198513,0.00505788,0.0277569,0.207941,0.124429,-0.0569159,0.0940116,0.0651921,0.0107682,0.167201,0.0975834,0.117016,0.153168,-0.00102639,0.0579473,0.0508532,-0.0156702,0.0512022,0.0027201,-0.0898057,-0.00919625,-0.0191326,0.112231,0.0491876,0.00972021,0.0923597,0.0791635,0.0568803,-34542.9
-34193.7,0.8469,0.462414,3,7,0,34210.4,0.00651596,0.979557,0.199668,-0.0765135,0.226595,0.119029,0.26797,0.177367,0.00294266,0.0382007,0.229463,0.116157,-0.0504038,0.0734724,0.0660506,-0.00561818,0.148412,0.0849025,0.159719,0.151175,-0.0224385,0.0457578,0.0630865,-0.00439537,0.0351228,0.00241592,-0.0687289,-0.00104977,-0.0379163,0.185133,0.149438,0.029144,0.142059,0.0731534,0.0416307,-34512.9
-34188.7,1,0.462414,3,7,0,34208.8,0.000914024,0.978516,0.179366,-0.0507118,0.250808,0.120689,0.300133,0.184911,0.0276395,0.0211269,0.181094,0.155859,-0.0561917,0.101521,0.0648805,-0.00120842,0.181237,0.0795978,0.128338,0.157875,0.00339091,0.0518066,0.049773,0.000487817,0.0173787,0.02614,-0.0820761,-0.00968749,0.0137671,0.0687396,0.0862286,-0.000609423,0.112279,0.149054,0.0492707,-34553.1
-34186.4,0.992932,0.462414,3,7,0,34206.3,0.0025167,0.97843,0.187802,-0.0725547,0.226467,0.0993467,0.276774,0.159267,0.00986702,0.0186943,0.231324,0.133241,-0.0496554,0.103698,0.0709932,0.0120603,0.164966,0.0690206,0.160047,0.151473,-0.00921081,0.0491703,0.0487489,-0.0116708,0.0247186,0.0109412,-0.0772381,-0.0320324,-0.0379352,0.192483,0.122754,1.87157e-05,0.149542,0.0603883,0.0454168,-34521.2
-34185.4,0.831901,0.462414,3,7,0,34207.9,0.0060941,0.979614,0.182098,-0.0473952,0.225267,0.11192,0.251266,0.180199,0.0119908,0.031528,0.205253,0.146053,-0.0614325,0.0905386,0.0974866,0.00775156,0.164202,0.072383,0.138819,0.157708,-0.0242144,0.0618837,0.0498151,0.0161265,0.0254137,0.0176895,-0.0719516,0.00726368,-0.0123784,0.0916836,0.0615143,-0.00593887,0.105928,0.0847502,0.0416041,-34483.1
-34185.3,0.781054,0.462414,3,7,0,34203,0.00516833,0.976902,0.182557,-0.0768608,0.258062,0.121588,0.313298,0.184007,0.024119,0.0254,0.20846,0.136598,-0.0488631,0.082622,0.038402,-0.0161436,0.169123,0.0790908,0.14964,0.133346,0.00103873,0.0458979,0.0789833,-0.0144141,0.0188863,0.0114238,-0.0795606,-0.0187577,-0.00682714,0.146531,0.0978027,0.0171825,0.167519,0.0677285,0.0605732,-34575.3
-34186.3,0.994575,0.462414,3,7,0,34196.5,0.000129878,0.977398,0.181289,-0.0491527,0.207702,0.109075,0.25925,0.181161,0.00918353,0.0328618,0.205366,0.144124,-0.067332,0.0952876,0.0951835,-0.00314219,0.161917,0.0725097,0.134744,0.162501,-0.0264579,0.0658139,0.0546006,0.0114514,0.0426993,0.0177584,-0.0765543,0.0010049,-0.0152331,0.102967,0.0575032,0.0214961,0.0866248,0.097762,0.0517837,-34489
-34183.1,0.684409,0.462414,3,7,0,34204.3,0.0094674,0.978883,0.181348,-0.046555,0.222322,0.114407,0.292267,0.187374,0.024376,0.0448427,0.210396,0.132142,-0.0571178,0.108702,0.0657735,-0.00334958,0.183115,0.0815323,0.146968,0.144911,-0.0214788,0.0445712,0.0761843,-0.023943,0.0305968,-0.00235524,-0.0838835,-0.000237994,-0.0258173,0.149449,0.0626489,-0.0349048,0.101108,0.0941428,0.0525452,-34538
-34183.5,0.920377,0.462414,3,7,0,34202.8,0.000357531,0.979577,0.175092,-0.0810844,0.254606,0.120684,0.276746,0.17752,0.00743218,0.0174696,0.210723,0.146021,-0.0559846,0.0743836,0.0725136,-0.00229136,0.158258,0.0681876,0.1438,0.139064,0.000921863,0.054294,0.042868,0.0210143,0.0283083,0.0330595,-0.0711334,-0.00784755,0.00709495,0.145185,0.0577869,0.0347943,0.153018,0.112802,0.0521369,-34522.2
-34186.9,0.66889,0.462414,3,7,0,34205.6,0.00668115,0.976735,0.195722,-0.0458035,0.2298,0.104992,0.291264,0.169234,0.0324458,0.0484704,0.215021,0.126356,-0.059783,0.102359,0.0597176,-0.00325647,0.187559,0.0940147,0.14931,0.148421,-0.0166807,0.050298,0.0599321,-0.0243242,0.0286877,0.00448763,-0.0858874,-0.0227289,-0.0277637,0.121309,0.100032,-0.0363345,0.0960071,0.06821,0.0455391,-34546.4
-34180.1,0.987266,0.462414,3,7,0,34197.7,0.00672652,0.979632,0.189615,-0.0603817,0.224188,0.114491,0.289383,0.176584,0.0141089,0.0319306,0.203811,0.139611,-0.0665088,0.0776185,0.0682016,-0.00613585,0.171931,0.0928965,0.141805,0.149097,-0.00842578,0.0563379,0.0644493,0.0133634,0.0470174,0.00938217,-0.100174,-0.0290625,-0.0207169,0.140656,0.0977601,-0.000621089,0.0925022,0.0781006,0.0687547,-34529
-34184.6,0.666377,0.462414,3,7,0,34200.1,-3.82916e-05,0.979301,0.173464,-0.0734906,0.237354,0.0927241,0.292023,0.191659,0.0183766,0.0332951,0.197924,0.147899,-0.0418236,0.112103,0.0844027,-0.0255296,0.162689,0.0818657,0.136408,0.144676,-0.0326923,0.0497704,0.0647451,-0.017512,0.0292875,-0.00849137,-0.0814646,0.00158864,-0.00957078,0.120682,0.0905269,0.0210007,0.121834,0.0755118,0.0694981,-34516.9
-34188.5,0.810087,0.462414,3,7,0,34205.7,-0.00293851,0.978172,0.171937,-0.0511204,0.240007,0.123983,0.280229,0.195134,0.0150597,0.0204413,0.198235,0.148814,-0.0629331,0.0889973,0.0828649,0.019689,0.1607,0.0801419,0.139229,0.148814,-0.0359185,0.0527822,0.0480524,0.0256315,0.029258,0.0038739,-0.070483,-0.020052,-0.0127083,0.178877,0.102922,-0.0241775,0.112693,0.0651803,0.0917229,-34524.5
-34192.4,0.748468,0.462414,3,7,0,34211.3,0.000732264,0.980843,0.172225,-0.0305756,0.235583,0.115208,0.287786,0.207717,0.016185,0.0403504,0.221156,0.159096,-0.0443385,0.0768168,0.0679291,-0.0107741,0.176468,0.0642044,0.145892,0.130147,-0.0287834,0.0611589,0.0541922,0.0100297,0.00784603,0.015037,-0.068381,-0.00176272,-0.00583394,0.116616,0.0965697,-0.0349022,0.0814745,0.0641137,0.0837423,-34525
-34195.7,0.898977,0.462414,3,7,0,34215.9,0.0103295,0.973372,0.196835,-0.0882287,0.243284,0.117275,0.291339,0.154194,0.0197677,0.0210791,0.192916,0.116402,-0.0708583,0.0976204,0.0601598,-0.0031709,0.163495,0.08049,0.136057,0.171042,0.00429722,0.0550948,0.0694152,-0.0216246,0.0483109,0.00273288,-0.0879632,-0.0152113,-0.0213599,0.136163,0.0583805,-0.0118422,0.208003,0.107935,0.0512618,-34556
-34187.3,1,0.462414,3,7,0,34211.8,-0.00500469,0.984604,0.169371,-0.0580188,0.226119,0.118468,0.293849,0.200718,0.00314829,0.0218575,0.191392,0.130121,-0.044367,0.0834211,0.0620658,0.00519363,0.179093,0.0648646,0.134676,0.144672,-0.00756488,0.0428571,0.0533045,0.00813906,0.00415425,0.025343,-0.0636779,-0.000991881,-0.00962112,0.110735,0.091051,0.0214391,0.106698,0.0717384,0.0378802,-34484.8
-34182.9,1,0.462414,3,7,0,34199.6,0.00136729,0.973761,0.175385,-0.0657777,0.245916,0.10909,0.300766,0.176705,0.0131336,0.0387056,0.204042,0.139741,-0.0434007,0.108216,0.0737947,-0.00363513,0.156837,0.0754093,0.134585,0.152724,-0.015243,0.0533588,0.0755286,0.0127928,0.0232476,0.0200866,-0.0653138,-0.0252235,0.00191851,0.166606,0.0717197,0.00189494,0.123745,0.0508776,0.0330637,-34555.9
-34186.6,0.769438,0.462414,3,7,0,34203.4,0.00716695,0.977758,0.193133,-0.0747387,0.235965,0.117279,0.272682,0.204803,0.0195086,0.0336484,0.21797,0.133,-0.0394288,0.091595,0.0505909,0.0208693,0.176613,0.0648185,0.144847,0.145861,-0.00715108,0.0535556,0.0516839,0.00957579,0.019686,0.0253067,-0.090441,-0.0246075,-0.0155828,0.233673,0.071079,0.0237959,0.16227,0.0987877,0.0495293,-34542.4
-34186,0.836855,0.462414,3,7,0,34209.1,0.000395307,0.980283,0.188966,-0.0693588,0.236357,0.108008,0.27249,0.164057,0.00948636,0.0233344,0.211489,0.148752,-0.0701066,0.10148,0.0916116,-0.00397738,0.15526,0.09205,0.146132,0.141948,-0.0217555,0.0498975,0.0540801,-0.0213738,0.0219734,-0.00290526,-0.0660567,0.0251568,-0.00974835,0.104711,0.0675465,-0.0125789,0.150093,0.0865499,0.0375787,-34514.7
-34187.2,0.843255,0.462414,3,7,0,34205.6,0.00321838,0.977655,0.193259,-0.0661623,0.246078,0.109246,0.264579,0.174025,0.0125555,0.0177172,0.205868,0.146032,-0.0596037,0.0954117,0.0982268,-0.00855458,0.162297,0.0877086,0.137563,0.136938,-0.0123085,0.0507373,0.0614574,-0.0239553,0.0196792,0.00039973,-0.0673563,0.0228585,-0.00586303,0.133396,0.0500553,-0.0138995,0.147682,0.108589,0.0362453,-34514.5
-34191.5,0.865719,0.462414,3,7,0,34210.8,0.0005862,0.980805,0.181148,-0.0519362,0.236293,0.109575,0.285071,0.176276,0.0210149,0.0254638,0.217633,0.153663,-0.0689156,0.089114,0.0616999,0.00722276,0.185117,0.0706042,0.160124,0.170701,-0.00763365,0.0665105,0.0599897,0.0237511,0.04741,0.00815516,-0.101597,0.0117736,-0.0188306,0.127451,0.124298,0.0332533,0.0767305,0.0634932,0.0586683,-34565.9
-34184.7,1,0.462414,3,7,0,34203.7,0.00371594,0.977668,0.191692,-0.0515822,0.2439,0.113624,0.285195,0.167854,0.0122561,0.0220475,0.206573,0.136231,-0.0771936,0.0708249,0.0728413,-0.0104654,0.173101,0.0744523,0.154374,0.162487,-0.0222792,0.060488,0.0668721,0.00569164,0.0251088,0.00428099,-0.0919059,0.034013,-0.0310017,0.137354,0.0402155,0.012328,0.123029,0.108239,0.0670358,-34536.6
-34187,0.627411,0.462414,3,7,0,34209.8,-0.0020433,0.980694,0.194834,-0.0692171,0.244585,0.114728,0.286229,0.183456,0.0192614,0.0389934,0.21126,0.127901,-0.0444327,0.107984,0.0717665,0.00973656,0.15855,0.066268,0.14866,0.157859,-0.00236822,0.0448595,0.0505071,-0.0151711,0.0277339,0.0297336,-0.0529804,-0.0338379,0.00977309,0.117976,0.049514,0.0170052,0.119748,0.0956115,0.0515869,-34548.7
-34188.1,0.898226,0.462414,3,7,0,34208.3,0.00432053,0.976729,0.158658,-0.0495985,0.277718,0.113704,0.271906,0.174833,0.0188722,0.0168138,0.201598,0.149628,-0.0536097,0.0583197,0.0763274,-0.00815955,0.184611,0.0644002,0.15527,0.146415,-0.0158235,0.055869,0.0433463,-0.0109573,0.0336653,0.0146964,-0.0748439,0.0065806,-0.0304041,0.149596,0.101112,-0.00292459,0.101643,0.0672311,0.0287167,-34515
-34186.3,0.826758,0.462414,3,7,0,34206.6,0.00362589,0.980205,0.205018,-0.0734749,0.248255,0.116515,0.268726,0.182924,0.00707516,0.0304867,0.198964,0.127601,-0.0680142,0.0963905,0.0846523,-0.0109584,0.157989,0.0751477,0.175846,0.154787,-0.0102725,0.0441558,0.0602542,0.00452065,0.0365896,0.0084597,-0.0665867,-0.0105426,-0.0110033,0.0715852,0.0638562,-0.00622706,0.138712,0.0804213,0.0738373,-34533.1
-34182.3,0.937791,0.462414,3,7,0,34200.4,0.00112901,0.975125,0.197682,-0.0579281,0.249574,0.107063,0.275367,0.183345,0.0138857,0.0188892,0.204639,0.130337,-0.0578154,0.0969912,0.0670748,-0.00883864,0.152814,0.0792411,0.153022,0.158456,-0.00358714,0.0563231,0.0535148,0.00410975,0.0474965,0.0144721,-0.0931288,-0.0122152,-0.0244285,0.081786,0.107978,-0.0238466,0.101605,0.0569757,0.0527422,-34537.8
-34184.4,0.974856,0.462414,3,7,0,34195.9,0.00546167,0.982523,0.17661,-0.0639725,0.233545,0.128577,0.294409,0.187332,0.0223051,0.0335542,0.212061,0.132655,-0.0605765,0.0790603,0.066607,0.0014032,0.186599,0.0646166,0.133518,0.1342,-0.0148676,0.0508223,0.0500503,-0.0194134,0.00709693,-0.00108377,-0.0609036,-0.00948086,0.00462174,0.204029,0.036192,0.0184042,0.148635,0.138043,0.0354457,-34521.6
-34185.6,0.838162,0.462414,3,7,0,34208.8,0.00725207,0.981222,0.179186,-0.0630023,0.226061,0.135918,0.295904,0.190807,0.0149333,0.0373766,0.218002,0.122235,-0.0659444,0.093791,0.0631454,-0.0116987,0.188791,0.0696014,0.140065,0.13439,-0.00680707,0.0583426,0.0536638,-0.0155101,0.0187036,-0.0006772,-0.0579612,-0.00480982,-0.00354539,0.20024,0.0219613,0.0121924,0.137429,0.130592,0.0250966,-34539.9
-34191.4,0.559539,0.462414,3,7,0,34205.8,0.0105855,0.979098,0.175446,-0.0652895,0.214421,0.133668,0.295233,0.193711,0.0133638,0.0319862,0.212093,0.134327,-0.0687482,0.0915462,0.0553561,-0.00550341,0.178529,0.0604621,0.148991,0.136808,-0.0220415,0.0524547,0.0578367,-0.0266295,0.0517797,0.0115339,-0.066626,-0.0058571,0.0154622,0.204269,0.0182398,0.00908166,0.110569,0.0935571,0.0301442,-34544.9
-34188.8,0.815302,0.462414,3,7,0,34213.5,0.00195776,0.977592,0.182359,-0.0668368,0.240022,0.112737,0.289066,0.20078,-0.00662949,0.0200951,0.205406,0.133031,-0.0543007,0.0880946,0.0726209,-0.0114912,0.16848,0.0688118,0.160243,0.144056,-0.0126912,0.0375182,0.0726765,-0.00277809,0.0491064,-0.00512454,-0.0565144,-0.0155427,0.00559726,0.193099,0.000121571,-0.0110754,0.121349,0.0995035,0.0371224,-34542.6
-34184.7,1,0.462414,3,7,0,34201.6,0.00485934,0.981794,0.186371,-0.073518,0.236373,0.112982,0.282841,0.159448,0.0410819,0.0187552,0.207388,0.142253,-0.0392839,0.0862363,0.0651375,0.00147541,0.166986,0.0656448,0.133025,0.147147,-0.00489333,0.0466213,0.0342162,0.000243233,0.00900838,0.0283452,-0.0743829,-0.000802073,-0.0176701,0.0560655,0.101461,-0.00906341,0.1315,0.103311,0.0343535,-34493.4
-34183.9,0.801464,0.462414,3,7,0,34206.8,0.00678624,0.980727,0.172285,-0.0650095,0.239138,0.113762,0.281787,0.167351,0.0267285,0.0439951,0.211842,0.151675,-0.0552711,0.0855114,0.0807934,-0.016306,0.146116,0.0860577,0.163772,0.160979,-0.00665214,0.0590032,0.0452558,0.00745147,0.0329271,0.0209613,-0.0690076,0.00513333,-0.0140039,0.0909996,0.13484,0.0198929,0.142882,0.0739325,0.0318204,-34522.2
-34179.9,0.997069,0.462414,3,7,0,34195.1,0.0057673,0.97857,0.185938,-0.0575442,0.236342,0.113028,0.291969,0.198724,0.0191176,0.0140835,0.218155,0.127796,-0.0360976,0.0942581,0.066149,0.00858353,0.167043,0.072958,0.135298,0.155946,-0.00573668,0.058013,0.068904,-0.00694443,0.0225087,0.0268363,-0.0604585,0.00224752,-0.011094,0.137723,0.126309,0.00492513,0.0946659,0.103031,0.0354329,-34547.5
-34188.2,0.666749,0.462414,3,7,0,34200.2,0.00322701,0.978448,0.18534,-0.0681415,0.229193,0.131762,0.278023,0.198872,0.0147365,0.0382874,0.202001,0.139008,-0.0602096,0.0993842,0.076307,-0.01212,0.14563,0.0696163,0.122073,0.139546,0.0114125,0.053392,0.0667666,-0.000406179,0.0299811,0.0377931,-0.0637447,-0.00651041,-0.00183735,0.0631326,0.0777908,0.0236381,0.19862,0.152741,0.0299004,-34522.5
-34190,0.869001,0.462414,3,7,0,34208.5,0.00217401,0.976851,0.178979,-0.0589021,0.250568,0.102764,0.292775,0.1658,0.0206317,0.0155354,0.21178,0.141891,-0.0467063,0.0800621,0.0604564,0.0140138,0.187667,0.0787404,0.171942,0.159321,-0.0393169,0.0557534,0.0564122,-0.00780766,0.040401,-0.00623077,-0.0888194,-0.00287024,-0.0232285,0.140902,0.15117,-0.00663525,0.103192,0.0877288,0.0826571,-34557.1
-34186.4,0.999402,0.462414,3,7,0,34201.2,0.00559304,0.976366,0.183012,-0.0687296,0.223778,0.130038,0.277372,0.197844,0.0110337,0.037779,0.207234,0.144016,-0.066011,0.103651,0.0721725,-0.00782291,0.15,0.0758048,0.119086,0.129569,0.0105053,0.0468315,0.0632278,0.0050927,0.0201345,0.0253352,-0.0680524,-0.0149437,0.00171121,0.125501,0.0293219,0.011669,0.161254,0.0767177,0.0279214,-34522.9
-34190.4,0.740364,0.462414,3,7,0,34208.1,0.00825471,0.980566,0.18534,-0.0578039,0.252835,0.0994821,0.299937,0.162277,0.026778,0.015913,0.214407,0.130088,-0.0382705,0.067179,0.0666167,-0.0128223,0.190192,0.0610492,0.168082,0.162525,-0.0304608,0.0479811,0.0583578,-0.00595222,0.046578,-9.11559e-05,-0.0751024,0.00519356,-0.0132485,0.0559633,0.125816,-0.00387649,0.154129,0.0889978,0.064398,-34543.8
-34187.7,1,0.462414,3,7,0,34207.7,0.000991732,0.977966,0.184054,-0.0465578,0.244062,0.113218,0.270892,0.145575,0.0176978,0.0225435,0.221124,0.14451,-0.0398534,0.0839553,0.0656937,-0.00276569,0.177984,0.0614201,0.13791,0.138153,-0.00950182,0.047425,0.0525449,-0.01027,0.0219435,0.0214945,-0.0546308,-0.00225618,-0.0163929,0.206353,0.129657,-0.00233272,0.108782,0.187903,0.037142,-34497.2
-34178.5,1,0.462414,3,7,0,34195,0.00555633,0.980519,0.171612,-0.0690728,0.240942,0.110818,0.294472,0.194247,0.0262522,0.0385774,0.212702,0.142899,-0.0683136,0.102728,0.0675577,-0.0030986,0.172023,0.0629493,0.146556,0.140659,-0.010409,0.0486927,0.0605922,-0.0136522,0.0374257,0.00337457,-0.07894,0.0181923,-0.0117781,0.0778198,0.103754,0.0154021,0.13435,0.0664355,0.0378365,-34546.6
-34179.6,0.692178,0.462414,3,7,0,34198.1,0.00274722,0.979607,0.161682,-0.0627004,0.235435,0.101756,0.292338,0.201875,0.028165,0.0395092,0.213506,0.148617,-0.063432,0.0913983,0.0711571,-0.00151967,0.172954,0.0760895,0.145114,0.140888,-0.0096186,0.0476202,0.0621136,-0.0077127,0.0393198,0.00667212,-0.0680683,0.00957652,-0.00665643,0.0339492,0.112358,0.0193785,0.141633,0.0798998,0.0411901,-34535.5
-34191.2,0.642883,0.462414,3,7,0,34204,0.00371258,0.974346,0.164216,-0.067768,0.250921,0.114321,0.267947,0.179442,0.0249411,0.0149254,0.218438,0.152473,-0.0359314,0.0925103,0.0609563,0.0208143,0.202204,0.0732802,0.133638,0.148869,-0.0221268,0.0359083,0.071448,0.0156121,0.0169796,0.0202432,-0.0718183,-0.00280752,3.07792e-05,0.138024,0.163267,0.0116088,0.15614,0.113766,0.0331964,-34547.5
-34191.3,0.916398,0.462414,3,7,0,34210.9,0.00976024,0.981371,0.195208,-0.0627463,0.220186,0.118272,0.300702,0.182683,0.00727635,0.0433026,0.202098,0.13422,-0.0647243,0.0931185,0.0707286,-0.0187541,0.130242,0.0815614,0.150776,0.136131,-0.00415984,0.055239,0.0388982,-0.0208543,0.0441091,0.00522488,-0.0844015,-0.0122795,-0.0284327,0.137379,0.0410748,-0.000447009,0.103932,0.0592456,0.0591728,-34512.8
-34186.8,0.973217,0.462414,3,7,0,34205.8,-0.00240796,0.975482,0.174069,-0.0597948,0.246286,0.119273,0.277816,0.184505,0.0261672,0.0228516,0.219727,0.143411,-0.0723646,0.0981355,0.0560995,-0.00299511,0.197595,0.0699254,0.125395,0.147748,-0.0191764,0.0765904,0.0696696,-0.0074706,0.0253174,0.0226309,-0.071735,0.00243598,0.00519934,0.130614,0.106259,-0.00923016,0.129943,0.14537,0.0474979,-34564.3
-34183.2,0.810633,0.462414,3,7,0,34207.6,0.000107212,0.975827,0.182543,-0.0671609,0.235706,0.125572,0.276689,0.179284,0.0210991,0.0224725,0.211763,0.141104,-0.0700127,0.0871464,0.0618719,-0.00209128,0.195486,0.0755302,0.115487,0.141048,-0.0123536,0.0759286,0.0674518,-0.0136382,0.0281302,0.00899271,-0.0670312,0.00362291,-0.00487353,0.144671,0.0886373,0.000700705,0.150751,0.135515,0.0643034,-34541.6
-34187.9,0.887459,0.462414,3,7,0,34202.9,0.00631205,0.978565,0.187003,-0.0595586,0.240077,0.100732,0.293983,0.183793,0.0149653,0.0390351,0.206607,0.128887,-0.0244079,0.0886493,0.0786371,-0.0058738,0.136869,0.0687455,0.160453,0.149403,-0.0104813,0.0167236,0.0451427,0.0061412,0.0220472,0.0117879,-0.0789535,-0.0128944,-0.0209495,0.182102,0.0726512,0.00931594,0.122667,0.0485572,0.0265538,-34505.4
-34193.6,0.913643,0.462414,3,7,0,34206.4,0.00694693,0.977077,0.173413,-0.0591341,0.235977,0.104738,0.294621,0.181778,0.00811836,0.0372621,0.198084,0.13355,-0.0150278,0.0881419,0.0841518,-0.00510096,0.132455,0.0569925,0.153818,0.145705,-0.0122862,0.0178403,0.0422095,0.00717558,0.0159008,0.0188685,-0.0757808,-0.00954519,-0.0224698,0.19864,0.0702335,0.00410464,0.117084,0.0475677,0.0289063,-34484
-34186.1,0.846769,0.462414,3,7,0,34217.7,-0.00032289,0.977576,0.190014,-0.0731063,0.263621,0.133239,0.27826,0.173695,0.0255938,0.0234212,0.222448,0.141681,-0.0679928,0.0850775,0.0515213,-0.00587484,0.169026,0.0773391,0.123841,0.147448,-0.018119,0.0603274,0.0576793,-0.032129,0.0411645,0.0281904,-0.0639746,-0.00119283,-0.00450217,0.067795,0.0718342,-0.000840155,0.133771,0.105212,0.0531126,-34571.3
-34181.9,0.936474,0.462414,3,7,0,34201.7,0.00661669,0.979437,0.178358,-0.052852,0.221012,0.108062,0.301678,0.185848,0.00823981,0.0264238,0.198928,0.132724,-0.0438752,0.0930186,0.0730398,-0.00994233,0.183725,0.0690319,0.149668,0.137461,-0.0023651,0.0448589,0.0538668,0.00913876,0.0178704,-0.0122541,-0.0872594,0.00838605,-0.0185788,0.151753,0.068461,0.011045,0.168987,0.072544,0.0384573,-34507.3
-34183.9,0.675064,0.462414,3,7,0,34202.2,-5.51435e-05,0.980644,0.185195,-0.0715045,0.252651,0.123461,0.26957,0.175921,0.0270341,0.0289163,0.21478,0.151007,-0.0603053,0.0872603,0.0597541,0.00112457,0.150294,0.0802805,0.137996,0.15006,-0.0279755,0.0477388,0.0742219,-0.0200218,0.0306694,0.0371671,-0.0726538,-0.0182858,-0.00781335,0.138501,0.126606,0.00173894,0.0936057,0.0819346,0.074739,-34535.4
-34178.8,0.96497,0.462414,3,7,0,34195.3,0.00355285,0.976499,0.18002,-0.0727676,0.238046,0.122717,0.280451,0.184476,0.0158187,0.0363306,0.210959,0.131879,-0.0435564,0.0773219,0.0719309,-0.00923897,0.174124,0.0574605,0.145763,0.133367,8.53613e-05,0.0457564,0.0410957,0.00252435,0.0345611,0.00511428,-0.0685534,0.011578,-0.0156821,0.126754,0.0528628,0.0306288,0.135763,0.0779232,0.036144,-34513.6
-34177,0.801878,0.462414,3,7,0,34196,0.0064731,0.977022,0.182075,-0.0613178,0.243882,0.124634,0.284472,0.177043,0.0132197,0.0446158,0.214368,0.133592,-0.0426069,0.0876986,0.0668202,-0.00346684,0.168942,0.0561859,0.134823,0.138193,-0.00853389,0.0554217,0.0521165,0.00767664,0.028122,0.00555424,-0.0759481,0.00929138,-0.0166202,0.143747,0.0585974,0.023867,0.135509,0.0800795,0.0321688,-34524.7
-34180.7,0.664027,0.462414,3,7,0,34193.6,0.00478097,0.978187,0.183242,-0.0525741,0.251101,0.122481,0.275295,0.181871,0.0136317,0.0353004,0.212552,0.13448,-0.0440906,0.0967492,0.0678018,-0.000799652,0.170143,0.0517225,0.139159,0.1398,-0.0102309,0.0553959,0.047527,0.00511463,0.0312386,0.0095825,-0.0743772,0.0149368,-0.015135,0.131144,0.0307154,0.00949622,0.156271,0.0574316,0.0361857,-34520.6
-34195.1,0.734536,0.462414,3,7,0,34205.4,-0.000185289,0.979968,0.182944,-0.055472,0.252955,0.11114,0.30471,0.183625,0.0400998,0.0188082,0.209926,0.119837,-0.0641865,0.0874952,0.0759681,-0.029048,0.165522,0.100441,0.145609,0.121754,0.00554876,0.038879,0.0485108,-0.0045113,0.0424481,0.0203314,-0.0490499,-0.00412327,0.00859741,0.0905215,0.133934,0.0120141,0.13933,0.125063,0.0256586,-34542.8
-34186.3,0.99291,0.462414,3,7,0,34207.4,0.00711602,0.979028,0.177121,-0.0738921,0.233758,0.113828,0.272558,0.181953,0.00627771,0.0397495,0.215455,0.155767,-0.0391423,0.0872555,0.069996,-0.00566213,0.167035,0.0416316,0.138909,0.155939,-0.024022,0.0622086,0.0647009,0.000964587,0.0395285,0.00755032,-0.0897543,-0.00410685,-0.01569,0.133508,0.0515802,0.00637093,0.144182,0.0555348,0.0604104,-34521.3
-34180.7,1,0.462414,3,7,0,34200.6,0.000113114,0.975433,0.174475,-0.0495933,0.244606,0.103705,0.292561,0.174179,0.0213748,0.0113694,0.221871,0.129263,-0.061424,0.0777599,0.0761118,-0.00166191,0.190315,0.0723247,0.161863,0.137892,-0.023743,0.0715855,0.0507123,0.0014927,0.029719,0.011799,-0.0737461,-0.0138785,-0.00536323,0.149147,0.0980126,0.00138808,0.113544,0.0867509,0.0538693,-34545.2
-34189.5,0.658863,0.462414,3,7,0,34203.7,0.00677498,0.981311,0.182145,-0.0579063,0.211121,0.137347,0.277364,0.194074,0.0196841,0.0238105,0.197235,0.126549,-0.0603721,0.0743554,0.0683946,-0.0230579,0.155989,0.0830446,0.163806,0.155048,-0.0187493,0.0348563,0.0675237,-0.0049517,0.0351256,-0.00696686,-0.0805084,-0.018331,-0.0066678,0.0726572,0.102002,-0.0210783,0.115558,0.101427,0.0337695,-34496.5
-34188.7,1,0.462414,3,7,0,34201.2,-0.000829593,0.979051,0.183804,-0.0738598,0.261455,0.0982368,0.29225,0.177906,0.0115305,0.0279048,0.22263,0.157399,-0.0606625,0.100472,0.0743761,0.00318728,0.185538,0.063144,0.122926,0.134576,-0.00270977,0.0598934,0.047676,-0.000617645,0.0165076,0.0316829,-0.0820674,0.00967309,-0.0137491,0.17758,0.0833312,0.0476538,0.141187,0.055318,0.0590571,-34565.8
-34187.8,0.952155,0.462414,3,7,0,34205.7,0.00484139,0.978352,0.181147,-0.0573999,0.218455,0.128315,0.280914,0.179796,0.0232041,0.0267187,0.187066,0.117367,-0.0548153,0.0757742,0.0622205,-0.011503,0.158831,0.0837023,0.162774,0.153929,-0.0183118,0.0540561,0.0703516,-0.0117958,0.0416357,-0.0148237,-0.0733601,-0.0135669,-0.00701454,0.115302,0.0794945,-0.0214867,0.137283,0.143005,0.0366999,-34489.1
-34187.7,0.950416,0.462414,3,7,0,34208.1,0.00242993,0.978437,0.173405,-0.052934,0.238848,0.098993,0.295386,0.174942,0.0124781,0.0322497,0.224712,0.153344,-0.0426648,0.114958,0.0758507,-0.00924334,0.167353,0.0620247,0.124713,0.135815,0.00286214,0.0283196,0.0541288,-0.00411943,0.0277737,0.0377156,-0.0674038,0.0117683,-0.00769296,0.136864,0.0968374,0.0205621,0.0893604,0.0500948,0.0575441,-34536.4
-34187.5,0.769005,0.462414,3,7,0,34207.7,0.00509397,0.981003,0.175555,-0.0772392,0.227371,0.120744,0.285877,0.18712,0.0203946,0.0311677,0.204946,0.149758,-0.0711043,0.0800139,0.0617666,-0.0033064,0.156167,0.0806922,0.158387,0.13685,-0.0468066,0.0784731,0.051416,0.00362965,0.0292493,0.000528673,-0.0792286,-0.0124182,-0.00361822,0.0772734,0.0628034,0.0110732,0.231805,0.136321,0.0442265,-34517.5
-34183.8,0.941519,0.462414,3,7,0,34202.9,0.00403878,0.977221,0.162007,-0.0633185,0.255284,0.112018,0.292862,0.175101,0.0211765,0.0304062,0.184674,0.14877,-0.0787524,0.0921933,0.059898,0.00196869,0.180263,0.0713334,0.153073,0.147598,-0.0149967,0.0512283,0.0638722,0.0090366,0.0341545,0.0161764,-0.0824076,-0.036733,-0.00594441,0.152837,0.096252,-0.00369674,0.120679,0.0827079,0.0373233,-34534.8
-34187.5,0.847116,0.462414,3,7,0,34202.2,0.00524168,0.98054,0.201182,-0.0641349,0.23913,0.122135,0.274765,0.191604,0.0287637,0.0156777,0.203828,0.114852,-0.0336707,0.0710227,0.0731002,-0.0227898,0.136919,0.0796895,0.140583,0.15884,-0.0116324,0.0406026,0.0669304,-0.000725524,0.0423853,0.0141408,-0.0797633,0.00140252,-0.00804812,0.105076,0.0697016,0.0340942,0.118057,0.0620969,0.0836324,-34503.2
-34192.2,0.78621,0.462414,3,7,0,34210.5,0.00408167,0.98127,0.188091,-0.040176,0.231109,0.101937,0.269913,0.188142,0.0142566,0.0134025,0.201235,0.142903,-0.063748,0.0824242,0.0616622,-0.0125108,0.170115,0.0683487,0.118214,0.155986,-0.0176783,0.0383673,0.095351,-0.0124126,0.0284091,-0.00357641,-0.0824486,0.0164073,-0.0204464,0.0777166,0.0526602,0.0553585,0.144558,0.104086,0.058065,-34486.5
-34184.6,0.960246,0.462414,3,7,0,34210,0.00230069,0.977777,0.18385,-0.0499558,0.232696,0.134279,0.304563,0.187548,0.0158057,0.00202013,0.211879,0.140615,-0.0520981,0.0887672,0.0525929,-0.000470685,0.178906,0.0731166,0.139157,0.137985,-0.0172868,0.0398323,0.0665226,0.00943318,0.0214354,0.0387442,-0.0790007,-0.00593111,-0.0128612,0.0909335,0.112265,-0.025091,0.110186,0.0910372,0.0567765,-34559.6
-34185.5,0.884269,0.462414,3,7,0,34201.3,0.00501221,0.979862,0.184809,-0.0877583,0.24976,0.102527,0.280699,0.17094,0.0149116,0.0411424,0.208491,0.136419,-0.0454911,0.0885069,0.064708,-0.0127711,0.160592,0.0847562,0.161521,0.145692,-0.0171283,0.0543849,0.0470353,-0.0109842,0.0377677,-0.0220609,-0.0846119,0.000381188,-0.00356954,0.199802,0.0567246,-0.0116217,0.168441,0.0745096,0.0673448,-34521.3
-34186.1,0.827451,0.462414,3,7,0,34205.7,0.00216229,0.97831,0.178097,-0.0502172,0.224501,0.12802,0.299702,0.188943,0.0219317,0.00289267,0.206655,0.147252,-0.0632412,0.0947684,0.0724756,-0.00682,0.182926,0.0612162,0.132306,0.141372,-0.0067379,0.0514776,0.0682413,0.00845987,0.0180342,0.0362303,-0.0640074,-0.00390492,-0.0204042,0.0681754,0.124161,0.0276332,0.11015,0.0998548,0.0322605,-34543.2
-34181,0.948812,0.462414,3,7,0,34200.6,0.00381043,0.979424,0.194184,-0.0566892,0.249909,0.116017,0.285157,0.190877,0.0116512,0.0255083,0.215357,0.132974,-0.0666583,0.0794485,0.0665246,0.00436443,0.170085,0.0605555,0.133334,0.144645,-0.0265124,0.0685919,0.046029,-0.0245329,0.030447,-0.00332988,-0.0612108,0.00553652,-0.0130021,0.182061,0.0872388,-0.0173511,0.151458,0.101604,0.0491277,-34536.3
-34189.4,0.740415,0.462414,3,7,0,34201.6,0.0032004,0.977154,0.179081,-0.0766329,0.235299,0.113833,0.288722,0.178541,0.0320211,0.0508838,0.226263,0.130573,-0.0492149,0.0823552,0.0831265,-0.0178654,0.157356,0.0881478,0.121428,0.127841,0.00640949,0.0584953,0.0550632,0.0302422,0.0334749,0.030922,-0.0844895,-0.00604409,-0.0132742,0.213787,0.0574308,0.0126573,0.202122,0.0562675,0.0505485,-34533.9
-34187,1,0.462414,3,7,0,34203.8,-0.000185734,0.979971,0.172964,-0.0796543,0.230564,0.106003,0.279278,0.177035,0.0295397,0.0319311,0.228728,0.118908,-0.0460545,0.0962333,0.0587888,-0.0136145,0.160184,0.0705704,0.134967,0.141639,0.0121777,0.0635639,0.0505802,0.0177253,0.0308197,0.026933,-0.0881895,0.00629279,-0.00602287,0.140043,0.0949532,0.0195311,0.20914,0.0596948,0.0342716,-34508.7
-34181.1,0.972487,0.462414,3,7,0,34200.3,0.00475157,0.978592,0.190713,-0.0580494,0.24812,0.118067,0.287536,0.179059,0.0125402,0.0315954,0.198103,0.142591,-0.0651837,0.111402,0.0654201,-0.00192705,0.159759,0.0804001,0.159304,0.129181,-0.0144434,0.0563168,0.0697162,-0.00479624,0.0319893,-0.00299078,-0.0741431,-0.0178147,-0.0038832,0.17699,0.101449,-0.0103547,0.0979014,0.123268,0.0688076,-34540.9
-34187.9,0.867909,0.462414,3,7,0,34198.4,0.00233387,0.980305,0.1963,-0.053417,0.239902,0.115926,0.269551,0.198757,0.017341,0.0129247,0.225606,0.136788,-0.0718696,0.108744,0.0585776,-0.000412562,0.1597,0.078897,0.137032,0.131551,-0.00601724,0.0588162,0.0687623,-0.0271714,0.0386746,-0.0162912,-0.0715668,-0.00404978,-0.00498557,0.102745,0.12395,-0.00296953,0.162657,0.146434,0.0539287,-34540.1
-34189.1,0.817146,0.462414,3,7,0,34210.9,0.00978269,0.975778,0.186303,-0.0682078,0.230112,0.136154,0.281741,0.182715,0.0155411,0.00796745,0.227094,0.145437,-0.0697213,0.0843122,0.0454545,-0.0154982,0.152427,0.0787512,0.137508,0.135222,-0.00447603,0.0393629,0.0858249,-0.00503402,0.0513904,0.00307639,-0.0915563,-0.00266686,-0.0181072,0.0958626,0.120094,0.00929279,0.162429,0.0934482,0.0432572,-34557.7
-34192.3,0.909502,0.462414,3,7,0,34212.8,-0.00296469,0.98224,0.175477,-0.0605253,0.233972,0.0969579,0.286763,0.188775,0.00845897,0.0550484,0.208989,0.136566,-0.0198698,0.0939429,0.092011,-0.00146388,0.160426,0.0721125,0.126306,0.152246,-0.0192323,0.0483284,0.033472,0.0169927,0.0202319,0.0299883,-0.0728463,-0.0116943,-0.0149896,0.118918,0.0550674,0.00313656,0.149429,0.0552569,0.0633225,-34494.9
-34190.5,0.977558,0.462414,3,7,0,34210.2,0.00585104,0.975419,0.183493,-0.0551944,0.224911,0.120285,0.298247,0.175519,0.0275856,0.0281396,0.217441,0.135557,-0.0785494,0.0963008,0.0560901,-0.0191727,0.173548,0.0651163,0.151012,0.137376,0.00173766,0.0479759,0.08122,-0.0288458,0.0422896,0.0238636,-0.0933001,-0.0302174,-0.0186662,0.171723,0.116239,-0.0116182,0.0981342,0.150483,0.0405742,-34560.8
-34188.7,0.978532,0.462414,3,7,0,34206.1,0.00708884,0.976833,0.179153,-0.0436152,0.24339,0.108755,0.292189,0.188778,0.0146897,0.0280699,0.21362,0.13534,-0.075631,0.0912754,0.050162,-0.0105429,0.167318,0.072352,0.153411,0.144989,-0.000478636,0.0588696,0.0833893,-0.0139131,0.038114,0.0429684,-0.0872783,-0.0200118,-0.0393547,0.116858,0.0827962,-0.000874617,0.0936299,0.123356,0.0481766,-34551.8
-34198.2,0.707725,0.462414,3,7,0,34218.5,-0.000265355,0.980229,0.184819,-0.0778671,0.214005,0.118923,0.247189,0.171251,0.0157516,0.0302016,0.213408,0.141503,-0.041936,0.0947623,0.0896587,0.00792751,0.157053,0.0844406,0.115301,0.141141,-0.0144524,0.0394503,0.0417752,0.00347335,0.0287232,-0.0157111,-0.0710981,0.0171585,0.0164367,0.144396,0.0355165,0.0137188,0.137741,0.0722281,0.0428244,-34469.5
-34187.7,1,0.462414,3,7,0,34212.1,-0.00184202,0.97927,0.18245,-0.0759903,0.244187,0.112699,0.265267,0.181873,0.0157932,0.0332668,0.193478,0.133651,-0.0397101,0.0828618,0.0691874,0.00629768,0.153603,0.0867616,0.123583,0.132179,-0.00169828,0.0347889,0.0427529,0.00934086,0.0300806,-0.00966953,-0.0675633,-0.00104574,-0.00925886,0.159179,0.031158,0.0250279,0.10263,0.106398,0.0389079,-34469.2
-34187.7,0.912698,0.462414,3,7,0,34207.2,0.00270613,0.977739,0.184024,-0.0597715,0.249533,0.0990772,0.271385,0.158438,0.00669583,0.0330419,0.203326,0.121887,-0.0643672,0.114449,0.0655478,-0.00437879,0.158235,0.0906024,0.131571,0.128055,-0.00680254,0.0409939,0.0693333,0.000657449,0.0284615,-0.000135916,-0.0819469,0.00550573,-0.00402242,0.180852,0.0193111,0.0179528,0.139701,0.106413,0.0366364,-34490.5
-34188.4,0.911533,0.462414,3,7,0,34206.4,0.00323257,0.980614,0.197653,-0.0572567,0.249009,0.101352,0.29844,0.163925,0.0235444,0.0384815,0.21768,0.134882,-0.0752239,0.069914,0.0688967,-0.0177696,0.177189,0.0929616,0.116639,0.133606,-0.0164329,0.0680799,0.0537323,-0.00557737,0.0449486,0.0332056,-0.087281,-0.00202868,0.0065551,0.0844837,0.0412379,0.0264541,0.139081,0.120902,0.0520895,-34545.8
-34181.4,0.917375,0.462414,3,7,0,34203.1,0.00447,0.978126,0.157598,-0.0499125,0.221958,0.106212,0.288795,0.178677,0.00764418,0.0240575,0.196566,0.156444,-0.0428106,0.0881704,0.0666406,-4.7504e-05,0.170976,0.0832374,0.135436,0.14369,-0.0149211,0.0536539,0.065448,-0.00215336,0.0312076,0.0235502,-0.0936094,0.00747283,0.00148848,0.186078,0.0854003,-0.00703849,0.203814,0.0693207,0.0430656,-34497.1
-34180.3,0.949107,0.462414,3,7,0,34193.9,0.00389157,0.976627,0.174701,-0.0615244,0.228112,0.137075,0.28982,0.183858,-0.00287392,0.0176902,0.197991,0.145137,-0.0453527,0.0920593,0.072108,-0.0164968,0.153389,0.0693101,0.155864,0.140136,-0.022313,0.0490766,0.0636601,-0.0013729,0.0238988,0.0171468,-0.0794055,-0.00498013,-0.00895381,0.112601,0.0844717,0.016234,0.104164,0.052145,0.0397631,-34521.7
-34184.1,0.756947,0.462414,3,7,0,34197.8,0.00529879,0.979362,0.163359,-0.0584224,0.251876,0.102574,0.277429,0.190162,0.0280075,0.0266028,0.222827,0.14681,-0.06424,0.0964678,0.0521474,0.0247634,0.163058,0.0790819,0.133889,0.141355,-0.0196628,0.0353778,0.0432878,-0.00604846,0.0227547,0.00851599,-0.0920126,-0.00961325,-0.00849382,0.154453,0.0804441,-0.0241166,0.11839,0.0958582,0.0511291,-34524.7
-34188.1,0.786164,0.462414,3,7,0,34204.7,0.00286291,0.977703,0.193062,-0.0670745,0.244179,0.119206,0.275077,0.204269,0.00239708,0.0525029,0.199025,0.12608,-0.0434184,0.0861603,0.0700373,-0.0179879,0.163468,0.0762878,0.144817,0.141661,-0.0105662,0.0682458,0.0610488,0.0102991,0.0397212,0.025091,-0.0517941,0.00481103,-0.0264934,0.11743,0.0865454,0.0349196,0.105,0.0514991,0.0403084,-34521.3
-34181.5,0.999496,0.462414,3,7,0,34200.3,0.00363969,0.980362,0.17604,-0.0697097,0.241893,0.113913,0.271319,0.195492,0.0146567,0.017551,0.214138,0.151538,-0.040226,0.0684853,0.0699567,0.0148775,0.175739,0.0735495,0.15707,0.158212,0.00408289,0.0411295,0.0558997,-0.00285248,0.028102,0.0277358,-0.0664739,0.00170015,-0.0088683,0.16855,0.0740177,-0.00422802,0.140294,0.0978681,0.0330003,-34531.1
-34189,0.859639,0.462414,3,7,0,34198,0.00217837,0.97707,0.191526,-0.0465609,0.249617,0.10117,0.288939,0.17323,0.0290354,0.0303937,0.191694,0.128519,-0.0564514,0.101716,0.0819429,-0.0186044,0.159034,0.0776774,0.140161,0.148647,-0.032096,0.0387114,0.040154,0.00759746,0.0298252,-0.0087989,-0.0889907,0.0017296,-0.0245291,0.113682,0.178858,0.00431032,0.100847,0.106194,0.0410138,-34505.6
-34187.8,0.886588,0.462414,3,7,0,34206.5,0.0022983,0.980825,0.177411,-0.0616253,0.242506,0.0987213,0.296271,0.185679,0.00881729,0.0465737,0.217615,0.149119,-0.0499978,0.101291,0.0651774,0.00263667,0.179364,0.0828548,0.128892,0.158383,-0.0114385,0.0279211,0.0785198,0.00190123,0.0193281,0.011523,-0.0825873,0.00267819,0.0152624,0.148302,0.145359,-0.00403399,0.0862813,0.114617,0.0379674,-34560.1
-34178.4,0.984059,0.462414,3,7,0,34197.1,0.00299013,0.975859,0.177397,-0.0683423,0.227206,0.130077,0.287785,0.177617,0.0126941,0.0423123,0.217905,0.135157,-0.0510642,0.0981814,0.0558221,0.00799357,0.172779,0.0756534,0.134432,0.142206,-0.0233006,0.0675669,0.0574235,-0.000565765,0.0240538,0.00987121,-0.0737509,0.00491142,-0.0236321,0.148756,0.117178,0.0279354,0.149204,0.0707586,0.0545667,-34540.2
-34187.8,0.597068,0.462414,3,7,0,34200.4,0.00780474,0.982739,0.185032,-0.0488639,0.225696,0.106886,0.271798,0.208624,0.01377,0.0133021,0.209114,0.156999,-0.07603,0.0904575,0.0685282,-0.0107087,0.15772,0.084874,0.134144,0.135906,-0.0117002,0.0501689,0.0786396,0.0245466,0.0416927,0.0141397,-0.097922,-0.0141744,0.000488208,0.166652,0.0991814,0.000519289,0.113956,0.107293,0.0465436,-34515
-34189,0.831573,0.462414,3,7,0,34204.9,0.00256879,0.971665,0.171901,-0.0603013,0.225999,0.109754,0.273817,0.186331,0.014616,0.0168852,0.206684,0.148971,-0.0587685,0.0836725,0.0694073,0.0153854,0.159989,0.0918739,0.156357,0.144159,-0.0232426,0.0607809,0.0764173,0.015354,0.0302503,0.00908538,-0.0692114,0.00135504,-0.0263641,0.0615682,0.0843299,-0.0105625,0.103643,0.0765251,0.123765,-34524.5
-34184.7,0.951621,0.462414,3,7,0,34206.3,0.00465537,0.982352,0.192302,-0.0572874,0.257806,0.118127,0.303616,0.173958,0.0155897,0.0377496,0.20898,0.13376,-0.0594185,0.0838983,0.0674551,-0.0228474,0.180207,0.0698378,0.131544,0.149479,-0.00595647,0.0403946,0.0461436,-0.0235257,0.0339885,0.0116916,-0.0904828,-0.012871,0.0106906,0.225634,0.0897612,0.0111439,0.156851,0.0827644,0.0299116,-34555.7
-34187.6,0.978737,0.462414,3,7,0,34200.9,0.00259833,0.974943,0.184592,-0.0407108,0.235841,0.108647,0.283753,0.195125,0.029744,0.0185198,0.219796,0.130979,-0.0506217,0.0677588,0.0637749,0.00217178,0.162662,0.0844272,0.146667,0.126808,-0.0201038,0.0460794,0.045271,0.00965939,0.0294119,-0.0012575,-0.0592341,-0.00312071,-0.0132117,0.265963,0.0536299,-0.00932104,0.236566,0.0686647,0.0501793,-34512.5
-34192.2,0.827389,0.462414,3,7,0,34208.6,0.0108713,0.974922,0.188677,-0.0463954,0.251668,0.114645,0.268385,0.202054,0.0210214,0.0326232,0.224949,0.14292,-0.0438066,0.0809321,0.0507272,-0.00440421,0.160487,0.0900641,0.143248,0.131742,-0.0153054,0.0557105,0.0370905,-0.00304236,0.0329495,0.00215513,-0.0719379,-0.0133826,0.00264206,0.297844,0.0980952,0.0140899,0.123722,0.07924,0.0323098,-34535.5
-34190.7,0.96586,0.462414,3,7,0,34210.8,0.000257782,0.981771,0.200527,-0.0555626,0.261317,0.119024,0.281987,0.184394,0.016608,0.0509772,0.221693,0.145203,-0.0470224,0.117347,0.0684106,0.00174518,0.180093,0.07626,0.136486,0.145298,-0.00412593,0.0527376,0.0409774,0.0160843,0.0348901,0.0238185,-0.0854346,0.00956838,-0.021504,0.216137,0.0751226,-0.0230798,0.229176,0.0498239,0.0499231,-34577.2
-34196.9,0.793119,0.462414,3,7,0,34214.4,0.00487079,0.969099,0.168964,-0.0638683,0.256456,0.113025,0.288663,0.179264,0.00984461,0.028128,0.218214,0.14157,-0.0502595,0.0915026,0.0405531,-0.0136921,0.149184,0.0879418,0.139229,0.151108,-0.0151597,0.0384464,0.0299361,-0.00353896,0.0198285,0.0191705,-0.0910761,-0.00959841,-0.0171478,0.226028,0.118004,0.0265996,0.182488,0.095355,0.0286398,-34547.8
-34193.3,1,0.462414,3,7,0,34216,0.00419366,0.984981,0.192656,-0.0655639,0.242213,0.11041,0.317392,0.168959,0.0164586,0.0398929,0.21285,0.135647,-0.0614728,0.096684,0.0805217,-0.00238313,0.154643,0.0770427,0.171106,0.164414,-0.0231888,0.0579046,0.0366451,-0.0010995,0.0289456,-0.00409355,-0.0642634,0.00879147,-0.00649769,0.127659,0.106512,-0.00586199,0.108721,0.0838683,0.0897731,-34568.4
-34187.5,1,0.462414,3,7,0,34206,0.00244928,0.973232,0.182625,-0.0579767,0.242316,0.11303,0.26798,0.183417,0.0198517,0.0102145,0.208006,0.149679,-0.0525273,0.0918768,0.0599648,-0.0146045,0.187054,0.0816118,0.11891,0.131838,-0.0117544,0.0578815,0.0618146,-0.00919852,0.0298731,0.0235277,-0.09443,-0.00906469,-0.0220804,0.163368,0.103659,0.00452501,0.141951,0.0901295,0.0285706,-34522.1
-34193.9,0.952287,0.462414,3,7,0,34206,0.00222868,0.984789,0.168503,-0.0735184,0.225267,0.13649,0.273479,0.20244,0.016503,0.0350782,0.225256,0.14804,-0.0647218,0.0924817,0.0783527,0.0137138,0.151498,0.0889639,0.164669,0.14293,-0.0183833,0.0593662,0.0480334,-0.00574692,0.0462633,0.000798946,-0.0752759,-0.0123672,0.00262362,0.10302,0.0779106,0.00778865,0.0892464,0.0574367,0.0847829,-34546.4
-34195.2,0.864524,0.462414,3,7,0,34217.4,0.00450873,0.97479,0.19569,-0.0600446,0.264186,0.10458,0.294753,0.173812,0.018973,0.0140022,0.185002,0.134165,-0.0329676,0.0812409,0.0636627,-0.0135757,0.176375,0.0621919,0.123261,0.149404,-0.00569106,0.0484244,0.0727644,-0.00710047,0.00951213,0.0199625,-0.0760329,-0.0164625,-0.0161439,0.213004,0.0980635,0.0373112,0.372027,0.0950632,0.053485,-34524.3
-34199.9,0.83869,0.462414,3,7,0,34219.7,0.00168817,0.983226,0.180545,-0.0691765,0.245296,0.138147,0.312266,0.178358,0.0211207,0.0255531,0.225265,0.152325,-0.0834385,0.0737321,0.0697964,-0.00923641,0.180368,0.0750193,0.173427,0.161432,-0.0286918,0.027931,0.0620112,0.0135688,0.0440148,-0.00441605,-0.0878268,0.017623,-0.00705521,0.178275,0.072167,-0.0046588,0.117557,0.0721333,0.0510907,-34616.9
-34193.2,0.981646,0.462414,3,7,0,34219.1,0.00573324,0.97499,0.170347,-0.0755378,0.258867,0.103579,0.278491,0.198469,0.000715213,0.0191466,0.182711,0.135265,-0.035176,0.0830273,0.0702291,-0.0221746,0.169347,0.0928227,0.139528,0.138297,-0.00843644,0.051904,0.0763099,-0.00985773,0.0363608,0.0159967,-0.086631,-0.00861271,-0.0156831,0.0449566,0.0335196,-0.00665544,0.17514,0.167426,0.0700672,-34509.6
-34178.6,1,0.462414,3,7,0,34203.1,0.00241152,0.98006,0.199904,-0.0661353,0.24116,0.109164,0.285603,0.184927,0.0168031,0.040545,0.208294,0.152604,-0.0626838,0.0866967,0.0732374,-0.00138467,0.172971,0.0728703,0.16666,0.146653,-0.00949275,0.0370812,0.045355,0.00581512,0.027787,0.0182521,-0.0851093,-0.00334352,0.00253021,0.147803,0.076213,-0.000860264,0.0993191,0.111543,0.0321116,-34552.1
-34183.6,0.789767,0.462414,3,7,0,34195.2,0.00860637,0.977674,0.196372,-0.0606186,0.241249,0.120219,0.289277,0.171289,0.00133207,0.0367127,0.21921,0.142038,-0.0560988,0.0795054,0.0698684,0.0045397,0.152909,0.0736318,0.162418,0.157458,-0.0096684,0.0318021,0.0543185,0.0293351,0.0157813,0.0168149,-0.0714747,-0.00240974,-0.00385022,0.141367,0.0695175,0.00706679,0.100086,0.0735707,0.0404201,-34553.2
-34181.7,0.924051,0.462414,3,7,0,34199.9,0.00290349,0.977983,0.196603,-0.0582085,0.239094,0.104656,0.283878,0.187808,0.0188822,0.0536454,0.203116,0.150059,-0.0534942,0.0934044,0.0890251,-0.000149464,0.150986,0.0801264,0.134326,0.164877,-0.0145465,0.0372768,0.0688103,0.0138326,0.0257215,0.0211195,-0.0719034,-0.0134709,-0.00693441,0.12302,0.0681697,0.0185922,0.163187,0.0744054,0.0340982,-34542.5
-34184.7,0.789945,0.462414,3,7,0,34197.3,0.00539334,0.976273,0.168275,-0.0708273,0.239692,0.12177,0.288192,0.177369,0.0149391,-0.0014393,0.215743,0.125809,-0.0508692,0.0833822,0.0492518,-0.0037724,0.178195,0.0728124,0.151726,0.123442,-0.00916293,0.0589681,0.0515725,-0.0167199,0.046902,0.00442508,-0.085008,0.00896978,-0.01408,0.0960263,0.122475,0.00226911,0.132831,0.0894171,0.0768548,-34523.9
-34181.8,0.945345,0.462414,3,7,0,34199,0.0072339,0.980678,0.185614,-0.0601228,0.220963,0.105919,0.27702,0.176239,0.0207398,0.0481826,0.195902,0.153463,-0.0478806,0.0812915,0.0889601,-0.0093474,0.176492,0.0777636,0.131786,0.163729,-0.0112448,0.0387475,0.0749548,-0.00551543,0.0234662,-0.000354539,-0.08048,-0.00116772,0.00110759,0.131501,0.0915445,-0.0164008,0.109795,0.0813052,0.0393049,-34503.1
-34182.6,0.928504,0.462414,3,7,0,34197,0.00140464,0.977109,0.174478,-0.0779468,0.240153,0.114869,0.296725,0.18078,0.0158766,0.0166674,0.210228,0.126746,-0.0509099,0.0796244,0.0662664,-0.00215576,0.174174,0.063596,0.140812,0.139028,-0.0226154,0.0667624,0.0672498,-0.0260117,0.0324762,0.0151435,-0.0665844,-0.00850835,-0.0359592,0.116703,0.126598,0.0175442,0.101992,0.0916535,0.0520897,-34529.7
-34185.1,0.7944,0.462414,3,7,0,34205.3,0.00387799,0.980683,0.192885,-0.0463332,0.229958,0.111191,0.289722,0.181122,0.0205201,0.0356031,0.19789,0.147127,-0.0692392,0.103401,0.0679326,-0.0255938,0.160986,0.0789222,0.147848,0.15986,-0.000623342,0.0447593,0.0568338,0.0299041,0.0341313,0.0130017,-0.0815757,0.000520966,0.011871,0.156205,0.0369384,0.00787589,0.163727,0.0899628,0.032603,-34531.8
-34182.5,0.674547,0.462414,3,7,0,34205.5,0.0035301,0.977913,0.170933,-0.0704008,0.231473,0.121269,0.273671,0.187465,-0.00118944,0.0248255,0.210239,0.134179,-0.042738,0.079186,0.0624143,0.011831,0.163409,0.0732947,0.132423,0.143836,-0.0208644,0.0565777,0.0594171,-0.0288176,0.0220667,0.0207826,-0.0766607,-0.0100108,-0.0329197,0.14021,0.121907,0.00737963,0.12363,0.0885728,0.0653102,-34496.7
-34190.1,0.792311,0.462414,3,7,0,34203.9,0.0029064,0.980911,0.188614,-0.0639731,0.236387,0.122842,0.270133,0.154254,0.0185986,0.0277368,0.20833,0.152334,-0.076651,0.093775,0.0645456,-0.0195478,0.183012,0.0891834,0.169389,0.155061,-0.0195403,0.0469693,0.0453032,-0.0042075,0.0425356,-0.00995147,-0.0930655,-0.00406542,-0.00128307,0.113762,0.0701064,-0.0395587,0.0888067,0.0726797,0.042885,-34533.8
-34192.7,0.663924,0.462414,3,7,0,34217.3,-0.0022589,0.970872,0.199346,-0.0694271,0.237356,0.0993505,0.265846,0.175769,0.0208006,0.0219313,0.21622,0.149648,-0.0480571,0.0871179,0.0600769,0.0102608,0.157942,0.0723251,0.143072,0.152717,-0.0238698,0.0399579,0.0508957,-0.00314465,0.0482328,0.0247204,-0.102294,-0.00700231,-0.022122,0.148218,0.11392,-0.00879749,0.0941845,0.0611375,0.0840067,-34540
-34193.8,0.957553,0.462414,3,7,0,34214.9,0.00959107,0.985309,0.149933,-0.0618595,0.23856,0.116216,0.288795,0.177394,0.0110018,0.0401583,0.222079,0.137709,-0.060079,0.0968257,0.0899997,-0.0161483,0.171288,0.090564,0.144102,0.120799,-0.000564825,0.0639828,0.0552284,-0.0203649,0.021052,-0.0153793,-0.0652194,-0.0061287,-7.35228e-05,0.104765,0.0448883,0.00332288,0.139032,0.0994213,0.0275143,-34508.2
-34192.8,0.842384,0.462414,3,7,0,34216,0.000261975,0.970611,0.216594,-0.0689658,0.24279,0.108663,0.277359,0.18631,0.0242904,0.0179641,0.205376,0.137895,-0.0371976,0.0821129,0.0518651,-0.00212021,0.167096,0.0560275,0.139165,0.161994,-0.0215,0.0342166,0.0531123,0.0192105,0.0244377,0.0337779,-0.0837031,-0.00148425,-0.0182762,0.150554,0.11042,-0.0133479,0.13248,0.0607861,0.0606675,-34550.2
-34190.2,1,0.462414,3,7,0,34203.7,0.00184278,0.983005,0.149289,-0.0616263,0.227711,0.120652,0.293754,0.175,0.00835367,0.0345835,0.211955,0.139051,-0.0714402,0.104391,0.0861765,-0.00485767,0.169848,0.100221,0.150546,0.1285,-0.000228529,0.068557,0.0593843,-0.0194773,0.0273395,-0.0122433,-0.0730513,-0.00800174,-0.00162077,0.143841,0.0533668,0.0209638,0.124326,0.102466,0.0339391,-34520.6
-34189.8,0.969366,0.462414,3,7,0,34208.8,0.00325951,0.979789,0.14734,-0.057495,0.221105,0.110947,0.280286,0.181756,0.0166073,0.034596,0.221413,0.134021,-0.0621371,0.0995753,0.0846431,-0.00798408,0.162544,0.095307,0.153972,0.130395,-0.00133565,0.0753589,0.0583369,-0.0186652,0.031694,-0.0119518,-0.0721557,-0.0058706,0.00514828,0.123592,0.0582698,0.0210755,0.12182,0.106721,0.0317261,-34504.8
-34189.3,0.773682,0.462414,3,7,0,34212.5,0.00359737,0.978153,0.179751,-0.0607388,0.257745,0.126198,0.282014,0.179004,0.0185222,0.0137782,0.195558,0.128191,-0.0792595,0.0738132,0.0473947,-0.00640226,0.181955,0.0593504,0.146113,0.167936,0.00134038,0.0633185,0.0694022,0.016715,0.0314361,0.00748629,-0.0770301,-0.0334758,-0.0190352,0.0982518,0.109025,-0.0129516,0.197219,0.0762225,0.0691135,-34537.7
-34184,0.977305,0.462414,3,7,0,34203,0.00597624,0.979603,0.173777,-0.0715038,0.240226,0.118049,0.28031,0.180139,0.0209928,0.0267136,0.206051,0.141288,-0.0566994,0.10095,0.0627491,-0.00957689,0.183197,0.0794974,0.143676,0.167879,-0.0295564,0.0466967,0.0503204,-0.01668,0.0378785,0.00995985,-0.0757391,-0.015154,-0.00484047,0.0696979,0.0885076,-0.0519043,0.102528,0.144998,0.0553411,-34536.9
-34185.8,0.857467,0.462414,3,7,0,34200.8,0.00130823,0.977612,0.188011,-0.0471719,0.233488,0.118816,0.292515,0.180799,0.0101596,0.0327469,0.193252,0.143082,-0.0486288,0.0655511,0.0611665,-0.00325895,0.157029,0.0784192,0.145781,0.141395,0.00274459,0.0499202,0.0750851,0.0176538,0.0212719,0.0106602,-0.0866978,-0.00443036,-0.0197295,0.179814,0.0812495,0.0537857,0.160071,0.0473125,0.0514449,-34509.8
-34188.5,0.938308,0.462414,3,7,0,34199.9,0.00680819,0.979499,0.17778,-0.0667536,0.235385,0.107678,0.30522,0.179753,0.0215291,0.0168697,0.239687,0.139483,-0.0634166,0.111217,0.070541,-0.0193032,0.169865,0.0827834,0.144055,0.142405,-0.032256,0.0689398,0.0520797,0.00105821,0.039166,0.0317628,-0.0719328,0.00770897,-0.014859,0.0642269,0.0716326,0.0236242,0.113537,0.127166,0.0835465,-34579.4
-34183.9,0.975994,0.462414,3,7,0,34203.8,-0.000213459,0.978895,0.177689,-0.056038,0.241869,0.111919,0.274876,0.199162,0.0168582,0.0301008,0.194483,0.137797,-0.0501421,0.0846812,0.0616366,-0.0111522,0.17271,0.0896979,0.130246,0.153092,-0.00641372,0.0675572,0.0493737,-0.0160299,0.0327276,-0.0102892,-0.0974268,-0.0202729,-0.00677327,0.159413,0.0641208,-0.0114075,0.155452,0.0786893,0.032689,-34507.6
-34183,1,0.462414,3,7,0,34196,0.00461088,0.978011,0.185016,-0.0647557,0.229705,0.118039,0.294,0.159422,0.0145937,0.0275959,0.224466,0.141468,-0.0535448,0.0914902,0.0749428,-0.00319014,0.167119,0.0661301,0.159161,0.135882,-0.0230878,0.044126,0.071013,0.00970313,0.0227303,0.0359324,-0.0629843,0.0110343,-0.0159352,0.161262,0.116658,0.0127692,0.118543,0.0846851,0.0947698,-34542.2
-34183.6,0.840734,0.462414,3,7,0,34198.5,0.00210319,0.979324,0.182049,-0.0449191,0.24933,0.102118,0.279893,0.178486,0.0188808,0.00508369,0.20478,0.124387,-0.0567839,0.0913183,0.0682206,0.0104612,0.173821,0.0729002,0.151091,0.154271,-0.00318509,0.0624441,0.052379,-0.0236594,0.0358666,0.00101963,-0.0840432,-0.00524159,-0.0105181,0.127312,0.0699858,0.026152,0.103941,0.099401,0.030945,-34516.3
-34186.3,0.959163,0.462414,3,7,0,34200,0.00664294,0.978346,0.19549,-0.0534095,0.210099,0.12124,0.287935,0.172203,0.0103835,0.0248382,0.214424,0.140335,-0.0728707,0.104965,0.0661094,-0.0241315,0.191978,0.0721657,0.152283,0.136828,-0.00817642,0.0507645,0.0515158,0.00402608,0.0204084,0.0185122,-0.0676153,-0.0114988,-0.00128019,0.172943,0.127804,-0.0268918,0.1452,0.0742563,0.0553336,-34532.5
-34195.3,0.902495,0.462414,3,7,0,34207.4,0.000247094,0.979861,0.169404,-0.0708045,0.284911,0.114313,0.26744,0.18164,0.0298909,0.02467,0.209627,0.143532,-0.0392469,0.068178,0.0640173,0.027293,0.14907,0.0833142,0.13022,0.153789,-0.0248841,0.0576342,0.0510782,-2.12064e-05,0.033857,0.0078294,-0.09197,-0.0135258,-0.0275945,0.111042,0.0405646,-0.0125845,0.116366,0.0914143,0.0837286,-34527.4
-34186.1,0.978738,0.462414,3,7,0,34211.5,0.00234706,0.974785,0.201965,-0.0680368,0.24149,0.104934,0.274594,0.181535,0.0093022,0.00291283,0.203744,0.131174,-0.0588309,0.0777178,0.0656984,-0.00132309,0.179483,0.0818923,0.136875,0.149715,-0.0238619,0.0475393,0.0558611,0.0194804,0.024496,0.0181981,-0.0973591,0.00302038,-0.0258835,0.197791,0.100697,0.00343787,0.249433,0.064608,0.0580005,-34523.5
-34182.8,0.853404,0.462414,3,7,0,34207.5,0.000988729,0.974714,0.197491,-0.0666928,0.243532,0.102331,0.281824,0.187502,0.0120237,0.00819996,0.216925,0.138415,-0.0597777,0.0825062,0.0751053,-0.00103971,0.175237,0.0795984,0.143287,0.147151,-0.0251812,0.0440605,0.0438614,0.0123653,0.0342747,0.0260971,-0.0816028,0.00742985,-0.0314486,0.186464,0.0786388,-0.00671197,0.223564,0.063379,0.0502726,-34546.7
-34187.4,0.735702,0.462414,3,7,0,34206.2,0.00199123,0.983151,0.195959,-0.0772399,0.232426,0.108288,0.298254,0.168183,0.0192642,0.0351647,0.195437,0.116221,-0.0657765,0.10071,0.0674753,-0.0126931,0.16733,0.0646314,0.15616,0.138751,-0.0212232,0.0443153,0.0729465,-0.00641218,0.0188063,0.00248774,-0.0794667,-0.0171863,-6.76574e-05,0.185783,0.0869337,-0.00351402,0.311748,0.0967983,0.045551,-34510.4
-34191.7,0.882159,0.462414,3,7,0,34207.8,0.00662427,0.972033,0.178137,-0.0623861,0.214963,0.124776,0.300053,0.178078,0.0159355,0.0452089,0.222481,0.128689,-0.072095,0.103402,0.0794687,0.00159793,0.172019,0.072171,0.143772,0.127218,-0.0081067,0.0572257,0.069824,0.00251279,0.00277241,0.00791529,-0.0651933,-0.0133653,-0.0239277,0.293731,0.0907909,0.0116345,0.223556,0.0832619,0.0311269,-34554.4
-34194.9,1,0.462414,3,7,0,34210.6,0.00624369,0.972155,0.184439,-0.0601725,0.2169,0.119025,0.29302,0.185705,0.0147504,0.0521626,0.220463,0.134647,-0.0698387,0.100988,0.0847154,0.00514741,0.167612,0.0682278,0.150019,0.130386,-0.00702042,0.0434272,0.0633087,0.00154569,0.000471917,0.00991427,-0.0677809,-0.0186048,-0.0260915,0.324488,0.0823282,-0.00872021,0.207257,0.0787087,0.0240833,-34549.2
-34187.5,1,0.462414,3,7,0,34209.4,-0.000770128,0.984055,0.179965,-0.0649613,0.258007,0.112591,0.280803,0.175366,0.020524,0.000885466,0.190704,0.147346,-0.0359311,0.0909095,0.0512806,-0.0113633,0.174219,0.0776162,0.14022,0.156839,-0.0179486,0.0556007,0.0522368,-0.00944851,0.0495625,0.0115171,-0.0834063,0.00557871,-0.00237959,0.0523718,0.126946,0.0288466,0.161602,0.11091,0.070219,-34511.4
-34185,0.920615,0.462414,3,7,0,34207.7,-5.96349e-05,0.983396,0.176695,-0.0580782,0.251872,0.110274,0.285679,0.173956,0.0286137,0.00505826,0.190711,0.144599,-0.030355,0.0936938,0.0569688,-0.0171002,0.183058,0.0691505,0.157776,0.148427,-0.0165947,0.0616059,0.0510093,-0.0077362,0.0420895,0.0123156,-0.0856503,0.00314991,-0.00407434,0.0906652,0.112873,0.0142636,0.139254,0.0850752,0.0659092,-34508.5
-34184.2,0.985971,0.462414,3,7,0,34200.3,0.00892147,0.975826,0.185603,-0.0722891,0.216835,0.122919,0.278449,0.189817,0.00708052,0.0507764,0.225254,0.138382,-0.075269,0.0826246,0.0765759,0.00445827,0.150959,0.0847916,0.126861,0.137971,-0.0107766,0.0419526,0.0763054,-0.00247768,0.0169204,0.00695124,-0.0717707,-0.00447228,-0.0223504,0.120848,0.0694431,0.00348812,0.123784,0.0740328,0.0388578,-34531.8
-34180.9,0.916602,0.462414,3,7,0,34200.6,0.000242911,0.981771,0.186446,-0.077512,0.248567,0.101329,0.292384,0.177912,0.0134106,0.0163108,0.223014,0.151235,-0.0377566,0.0763241,0.0703997,-0.00171553,0.161048,0.052893,0.142061,0.144706,-0.0207962,0.0459416,0.0541352,0.00720817,0.0297839,0.0352698,-0.077412,-0.00701164,-0.0116977,0.140133,0.067828,0.00747679,0.102734,0.0897174,0.0456203,-34534.5
-34181.3,0.897828,0.462414,3,7,0,34194.8,0.00702942,0.97889,0.177708,-0.0475211,0.227159,0.128986,0.272882,0.187402,0.024859,0.0346196,0.20077,0.122979,-0.0754785,0.099512,0.0666365,-0.0149147,0.167003,0.0846717,0.146663,0.150564,-0.0032619,0.0566065,0.0642288,-0.0109099,0.0255135,-0.00605437,-0.0650281,0.001583,-0.00593666,0.118347,0.114609,0.00614691,0.140641,0.076572,0.0369728,-34506.2
-34179.8,0.89528,0.462414,3,7,0,34195.6,-0.00201311,0.978842,0.177197,-0.0594153,0.220372,0.120774,0.299329,0.189445,0.0198848,0.0213017,0.220177,0.147089,-0.0506863,0.10782,0.0707967,-0.00118897,0.162651,0.0675045,0.147861,0.130731,-0.0112232,0.0295395,0.057475,-0.0200276,0.0370107,0.0143333,-0.0737247,0.000504726,0.00204886,0.128276,0.0409999,0.00729424,0.101967,0.0903226,0.039765,-34547.4
-34187.8,0.652156,0.462414,3,7,0,34201.1,0.00234428,0.976589,0.203506,-0.0744099,0.244335,0.104815,0.264385,0.170331,0.00136444,0.0361527,0.22358,0.153689,-0.0396161,0.0896207,0.07669,-0.0018489,0.154138,0.0730105,0.146659,0.129579,-0.0208491,0.0566408,0.045238,0.00734617,0.0334318,0.0205072,-0.0700636,-0.00966372,-0.00692572,0.216588,0.146352,-0.0160514,0.158318,0.0761446,0.0417598,-34524.2
-34189,0.897937,0.462414,3,7,0,34208.6,0.00206443,0.981507,0.191717,-0.0753021,0.23209,0.130943,0.297076,0.18898,0.0202435,0.021482,0.224136,0.122207,-0.0401127,0.106645,0.0448849,-0.0231725,0.18144,0.0693591,0.161752,0.159151,-0.0130968,0.0291707,0.0584148,-0.003904,0.0461577,0.0322146,-0.0717385,-0.00922577,-0.0235949,0.123701,0.0704619,0.0334264,0.121476,0.113473,0.0554845,-34572.8
-34188.4,0.930977,0.462414,3,7,0,34206.6,0.00548831,0.97514,0.175016,-0.0747365,0.239372,0.0997413,0.288188,0.174809,0.019186,0.0528799,0.20289,0.132168,-0.0639073,0.0670649,0.0946026,-0.0118499,0.162731,0.0732417,0.131713,0.136793,-0.00766726,0.0662647,0.0570837,-0.00119412,0.0344383,-0.00758432,-0.0675786,0.0137415,0.00913415,0.134881,0.148157,0.000985524,0.170235,0.0943345,0.0346486,-34509.9
-34193.1,0.948381,0.462414,3,7,0,34204.1,0.00645781,0.973371,0.188441,-0.0476576,0.237437,0.127443,0.280364,0.177556,0.0197918,0.00926906,0.214107,0.154637,-0.0427502,0.118678,0.0374124,-0.0052798,0.174166,0.0787333,0.158916,0.158654,-0.00960476,0.0373472,0.0634651,-0.000991822,0.0216356,0.0356266,-0.0810663,-0.0209018,-0.0265465,0.125078,0.0396791,-0.019484,0.182073,0.0897515,0.0646097,-34569.4
-34193.9,0.980539,0.462414,3,7,0,34213.6,0.00014038,0.985324,0.16978,-0.0803452,0.237824,0.0982135,0.294318,0.17666,0.0189644,0.0452917,0.197873,0.134286,-0.0576393,0.0641186,0.103665,-0.0175663,0.177591,0.0668593,0.132107,0.145855,-0.0306558,0.0605255,0.0408688,-0.00613216,0.0400441,-0.00943144,-0.074636,-0.00555143,-0.00484569,0.131178,0.123566,0.0121492,0.0784016,0.0832232,0.0396722,-34490.3
-34194,0.927405,0.462414,3,7,0,34210.8,0.00670723,0.97478,0.197864,-0.0516644,0.233257,0.131185,0.288351,0.178445,0.0265619,0.0141186,0.216831,0.142058,-0.0529043,0.134897,0.0365684,-0.00238008,0.155383,0.0805283,0.155316,0.138477,0.00194268,0.0473108,0.0692322,0.00557821,0.0220799,0.0428625,-0.0754099,0.010877,-0.00347923,0.151464,0.0634488,0.0104925,0.204924,0.0911914,0.0503437,-34577.8
-34186.1,1,0.462414,3,7,0,34207.3,0.00253392,0.982188,0.165399,-0.0703728,0.244416,0.106212,0.29034,0.187852,-0.00249859,0.0255052,0.192221,0.150983,-0.0601929,0.0500999,0.081445,-0.00870171,0.173763,0.0714077,0.139537,0.138553,-0.0271539,0.040173,0.0509765,0.00251,0.0337355,-0.00482251,-0.0617077,0.0042465,-0.00664243,0.145262,0.0961547,-0.00607349,0.122778,0.0924643,0.0369385,-34487.8
-34186.9,0.933062,0.462414,3,7,0,34200.7,0.000537641,0.982455,0.196802,-0.0614067,0.234651,0.125859,0.285546,0.173414,0.0373095,0.0308114,0.226016,0.126292,-0.0472806,0.126715,0.0529856,-0.010101,0.166064,0.077231,0.14527,0.154884,0.00153906,0.0679289,0.0693805,-0.00358364,0.0280777,0.0251977,-0.0865271,-0.0117337,-0.0123049,0.109362,0.0665687,0.0194036,0.120277,0.0683242,0.0510457,-34563.7
-34181,0.989957,0.462414,3,7,0,34199.5,0.00811558,0.97586,0.197907,-0.059866,0.237246,0.121165,0.294971,0.183157,0.0138006,0.0410988,0.219154,0.13533,-0.058159,0.0583876,0.076284,-0.0227349,0.155019,0.0761404,0.138964,0.146728,-0.00693563,0.0517109,0.0676483,-0.0108573,0.0380239,0.0320324,-0.0847132,-0.0186631,-0.00807441,0.127882,0.0628644,0.0168583,0.0974294,0.0854869,0.0419478,-34555.9
-34182.2,0.895499,0.462414,3,7,0,34193,0.00626259,0.975416,0.189642,-0.0583664,0.239094,0.129026,0.292958,0.176346,0.0136205,0.0391311,0.217237,0.134026,-0.0580266,0.059952,0.0846259,-0.0267347,0.149446,0.0760686,0.136331,0.147118,-0.0149807,0.046998,0.0723973,-0.0124631,0.034952,0.0290502,-0.0782167,-0.0149573,-0.0121968,0.115965,0.0474329,0.00780907,0.104236,0.0792603,0.0525946,-34546.6
-34187.9,0.693255,0.462414,3,7,0,34206.5,0.00112516,0.984561,0.176545,-0.0525496,0.21967,0.105386,0.284101,0.200474,0.0179145,0.00982148,0.195111,0.137749,-0.0516009,0.129675,0.0537366,-0.00506486,0.154716,0.073411,0.162878,0.151499,-0.0160469,0.0455342,0.0492757,0.01808,0.0461385,0.0215055,-0.0798047,-0.00531263,-0.0118943,0.155204,0.0968247,-0.0132194,0.155515,0.0886461,0.0512283,-34499
-34183.7,0.976118,0.462414,3,7,0,34203.5,-0.000992173,0.975542,0.192512,-0.0617157,0.236329,0.117838,0.295996,0.197298,0.02644,0.012431,0.222599,0.13887,-0.0594171,0.0915281,0.0365281,-0.0118302,0.163101,0.0542766,0.141663,0.161767,-0.0187603,0.0505786,0.0567263,-0.00262801,0.0403075,0.0185288,-0.0574434,-0.00510359,-0.0212818,0.187821,0.0774272,0.00912596,0.114604,0.0865482,0.0361844,-34567.1
-34182.9,0.942329,0.462414,3,7,0,34197.4,0.00346819,0.977104,0.193758,-0.055632,0.234775,0.125671,0.288956,0.198215,0.0362833,0.0320631,0.203365,0.146,-0.0667152,0.101475,0.0589409,-0.0139917,0.155858,0.0552509,0.137993,0.157031,-0.000353159,0.0666376,0.0716708,0.00759173,0.0402408,0.0213853,-0.0647095,-0.00181469,-0.0241182,0.16041,0.0730864,0.0126444,0.185605,0.0999038,0.0388949,-34556.3
-34181.6,0.920585,0.462414,3,7,0,34197.1,0.00256293,0.980486,0.16617,-0.0526485,0.226604,0.120229,0.274551,0.170318,0.0185447,0.0356668,0.205309,0.13862,-0.0568159,0.0933315,0.053074,-0.00117368,0.165023,0.0634918,0.13429,0.140364,-0.0185689,0.0543138,0.0712425,-0.0192141,0.0196403,0.000535898,-0.0743066,-0.0097687,0.0103262,0.0913067,0.0664814,0.0200713,0.169623,0.0505664,0.0407703,-34479.7
-34187.3,0.549592,0.462414,3,7,0,34202.3,0.00285639,0.978031,0.162406,-0.0541442,0.238255,0.115052,0.282979,0.174597,0.00511989,0.0232878,0.21214,0.129508,-0.0662686,0.084069,0.0655586,-0.00730757,0.162941,0.066374,0.126624,0.126785,0.0160662,0.0503647,0.0824434,-0.0211177,0.0287749,-0.000513476,-0.0636003,-0.0102507,0.00309307,0.0536853,0.112817,0.0269993,0.117031,0.0978194,0.0544296,-34496.6
-34189,0.776181,0.462414,3,7,0,34212.1,0.00386677,0.979006,0.159052,-0.059907,0.246108,0.105739,0.271763,0.185435,0.00656648,0.0261368,0.212597,0.133718,-0.0641744,0.0824604,0.0726599,-0.00477864,0.164903,0.0684719,0.132977,0.123918,0.00414268,0.0420822,0.0760199,-0.0144201,0.0306548,-0.0104341,-0.0603041,-0.0128529,0.0109291,0.069154,0.10581,0.0231745,0.147853,0.142944,0.0646003,-34487.6
-34184.3,1,0.462414,3,7,0,34198.9,0.00347671,0.979221,0.208548,-0.0606509,0.229837,0.123891,0.296982,0.176914,0.0302704,0.0285165,0.207184,0.141823,-0.0498077,0.0920395,0.0604738,-0.0108076,0.172962,0.0771134,0.155303,0.164883,-0.029453,0.0586336,0.038904,0.00492904,0.03213,0.0338267,-0.0914263,0.0057464,-0.0310612,0.137793,0.0787548,-0.0117,0.118935,0.068381,0.0426611,-34563.6
-34186.4,0.935089,0.462414,3,7,0,34199.5,0.00351633,0.978881,0.159949,-0.0765615,0.24624,0.112312,0.277877,0.192188,0.00860981,0.0336889,0.204575,0.146139,-0.0466718,0.0872371,0.0662058,-9.70255e-05,0.160298,0.0828979,0.116997,0.132361,-0.00949342,0.0406519,0.0800364,0.00469712,0.0285822,-0.00747194,-0.0746244,-0.00703353,0.00985338,0.131592,0.0900529,-0.0327634,0.149339,0.0829014,0.10886,-34505.3
-34192.1,0.847333,0.462414,3,7,0,34205.9,0.00367388,0.979804,0.160828,-0.0765405,0.24192,0.114163,0.275424,0.200336,0.0038081,0.0403414,0.20696,0.147887,-0.0398259,0.0829623,0.0628284,-0.000504285,0.156871,0.0862491,0.107916,0.139382,-0.0158786,0.0450824,0.0869729,-0.000947129,0.0328461,-0.0155189,-0.0735724,-0.00262444,0.000300774,0.0658341,0.0910582,-0.0389682,0.150334,0.0684658,0.1112,-34504.8
-34188.6,0.913799,0.462414,3,7,0,34209.5,0.0043565,0.975487,0.173294,-0.0791424,0.247793,0.125527,0.287723,0.172228,0.00595205,0.0196802,0.214316,0.151175,-0.0459139,0.0372952,0.0758481,0.00789294,0.166657,0.0852156,0.146106,0.153031,-0.0176348,0.0535926,0.0626914,-0.0118169,0.0293627,0.0169144,-0.0838539,-0.0312804,-0.00701811,0.132803,0.063542,-0.0265131,0.109444,0.0597159,0.0569091,-34549.8
-34185.8,0.892758,0.462414,3,7,0,34210.6,0.00246488,0.983671,0.194285,-0.0584116,0.242025,0.107098,0.290191,0.206431,0.0337983,0.0156106,0.210985,0.134845,-0.05785,0.107345,0.0589488,-0.0186435,0.161309,0.0766139,0.155381,0.134996,-0.0203843,0.0509425,0.0804316,0.0163887,0.0249513,0.0217563,-0.0837941,0.00775592,-0.0194971,0.126119,0.107381,0.0293035,0.146843,0.105434,0.0514484,-34539.6
-34188.4,0.913767,0.462414,3,7,0,34208.8,0.00864565,0.974505,0.180997,-0.0723351,0.232217,0.103883,0.28724,0.187402,0.0104759,0.036307,0.208789,0.143713,-0.0714718,0.0699144,0.0731429,0.00957023,0.174221,0.088523,0.138494,0.168593,0.00560843,0.0621651,0.0630954,-0.000309285,0.0237905,0.00920828,-0.0705702,0.000383531,0.00211408,0.118422,0.0915336,-0.0024363,0.107841,0.0490288,0.0260266,-34554.8
-34183.6,0.963279,0.462414,3,7,0,34205.5,0.00814741,0.978849,0.194014,-0.0627136,0.23925,0.0946391,0.294366,0.18263,0.0276076,0.0170014,0.210478,0.130466,-0.0754043,0.0907475,0.0650273,0.00490906,0.170891,0.0868684,0.123351,0.158504,-0.00976528,0.0470278,0.0698346,0.0141182,0.0255184,-0.00265359,-0.0662607,-0.00886746,-0.0123861,0.154735,0.0703649,-0.00296204,0.0858946,0.0693914,0.0383731,-34539.9
-34184.8,0.86082,0.462414,3,7,0,34200.9,0.0079972,0.97626,0.190921,-0.0494656,0.2284,0.104824,0.289236,0.198439,0.0305572,0.0216921,0.218753,0.132836,-0.0649414,0.0945675,0.041816,-0.00383334,0.152531,0.0859669,0.138457,0.165578,-0.0109154,0.0344737,0.060782,0.0076519,0.0316431,0.00869001,-0.0698605,0.0046091,-0.00896623,0.179609,0.117342,0.0023993,0.12696,0.0915503,0.0357633,-34543.3
-34186.8,0.846652,0.462414,3,7,0,34203.2,0.00298791,0.979603,0.174842,-0.0802574,0.254796,0.120661,0.285804,0.163469,0.00246766,0.0367968,0.205804,0.149147,-0.0512457,0.0931966,0.0893068,-0.00236003,0.184095,0.0630874,0.154131,0.125611,-0.014365,0.0630915,0.0497093,-0.0142481,0.0342935,0.0135934,-0.0696005,-0.0111257,-0.00447447,0.0968197,0.0765296,-0.0059418,0.123778,0.0728543,0.116767,-34539.2
-34189.7,0.869399,0.462414,3,7,0,34204.4,0.00720317,0.976173,0.180699,-0.0772505,0.253414,0.0976372,0.280357,0.150116,0.0185659,0.0447983,0.209326,0.136723,-0.0537167,0.106646,0.0877145,-0.0116211,0.183409,0.0768955,0.143323,0.14336,0.00591621,0.0671863,0.0612355,-0.0072903,0.0342525,0.0148977,-0.0777983,-0.00413379,0.0108675,0.106342,0.0838096,0.0036935,0.100673,0.0632158,0.108001,-34542.3
-34188.1,0.940345,0.462414,3,7,0,34208.2,0.00727621,0.981867,0.196003,-0.0522996,0.218615,0.120685,0.304082,0.184628,0.0198731,0.0157077,0.218035,0.132516,-0.0554816,0.0911141,0.0552906,-0.00604223,0.166677,0.0761857,0.128111,0.11757,-0.0158464,0.0432889,0.0537491,-0.00343582,0.030988,-0.000594317,-0.0698298,-0.0182385,-0.00557551,0.125851,0.0807155,0.00607147,0.218531,0.0794554,0.117606,-34520.2
-34198.2,0.69568,0.462414,3,7,0,34215.3,0.00426715,0.976091,0.184377,-0.0927859,0.23533,0.117908,0.286026,0.176659,0.0197922,0.0639645,0.195331,0.135941,-0.0461717,0.097849,0.0826591,-0.013119,0.190442,0.0551169,0.144451,0.16319,-0.0204358,0.0578612,0.089659,0.00713843,0.0322362,0.0134038,-0.0919288,0.00466356,0.00975844,0.198776,0.0882356,0.0641765,0.10751,0.0652362,0.0681218,-34563.9
-34188.2,0.900979,0.462414,3,7,0,34214.1,0.00364364,0.979614,0.185498,-0.088864,0.233689,0.111749,0.287665,0.181496,0.015441,0.0581378,0.202088,0.132002,-0.0476993,0.0990204,0.0713821,-0.0113053,0.186416,0.0684474,0.143291,0.161059,-0.0194682,0.0646129,0.0839859,0.00167056,0.0436706,0.0100584,-0.0839697,0.00581232,0.00438809,0.166478,0.0617995,0.0636187,0.125659,0.077768,0.0578971,-34554.2
-34187.3,0.804817,0.462414,3,7,0,34207.5,0.00446923,0.978,0.170263,-0.0701282,0.234537,0.121075,0.276134,0.189446,0.0243328,0.0170007,0.206248,0.129403,-0.070533,0.0785627,0.0783513,-0.0141926,0.145699,0.0806251,0.107862,0.141117,-0.0106619,0.062043,0.0625623,0.00133424,0.0409131,0.0221988,-0.075233,-0.012444,-0.0328695,0.0771177,0.0770543,-0.016851,0.102547,0.0763817,0.0805863,-34493.1
-34187.8,0.881629,0.462414,3,7,0,34208.3,0.00831908,0.978972,0.191803,-0.0666802,0.25335,0.127334,0.30526,0.175583,0.0135689,0.0274846,0.213212,0.130901,-0.0551523,0.0819977,0.0574686,-0.0310809,0.192003,0.0842114,0.134026,0.153777,0.00196325,0.0579555,0.0437009,-0.0151267,0.017492,0.0301652,-0.0866951,0.0169707,-0.0182223,0.154106,0.0830866,0.0129693,0.157948,0.100783,0.0564405,-34574.4
-34185.4,0.85158,0.462414,3,7,0,34207.7,-0.00177159,0.980511,0.171595,-0.0649566,0.247525,0.100021,0.283859,0.185585,0.0180601,0.0246347,0.210558,0.1554,-0.0508366,0.084952,0.0821077,-0.00672212,0.154843,0.0587434,0.144149,0.132763,-0.0260704,0.0514834,0.0622939,0.015221,0.0613853,-0.00753895,-0.0640253,-0.0150665,0.00287952,0.123154,0.0752746,0.00783759,0.0999548,0.0765671,0.0363281,-34517.3
-34186.1,0.951221,0.462414,3,7,0,34201.8,0.00838094,0.976312,0.169345,-0.0650316,0.233961,0.127498,0.280879,0.194229,0.0177407,0.0284791,0.223557,0.13713,-0.0341125,0.100712,0.0718117,-0.00634101,0.165563,0.0561952,0.155826,0.138035,-0.0241696,0.036231,0.0577665,-0.0110414,0.0119636,0.000215919,-0.0560444,-0.00536456,-0.0304885,0.132597,0.148012,0.00437086,0.108427,0.0790096,0.0383758,-34526.9
-34183.2,0.896403,0.462414,3,7,0,34206.2,-0.00139979,0.980307,0.194104,-0.0518215,0.233623,0.096917,0.296246,0.16721,0.0279882,0.0339082,0.206764,0.150336,-0.0583781,0.0725397,0.0680314,0.00629031,0.172123,0.0991502,0.137873,0.145466,-0.0149303,0.0468502,0.0795996,-0.00310754,0.0322196,0.0107165,-0.0932318,-0.00925732,0.00259742,0.128091,0.0632997,-0.00349051,0.11752,0.096895,0.055849,-34537.8
-34177.1,1,0.462414,3,7,0,34188,0.00757324,0.977174,0.172848,-0.0754273,0.242424,0.127047,0.284212,0.187104,0.0136088,0.0212547,0.214365,0.139296,-0.0437368,0.105136,0.0677166,-0.0115299,0.166992,0.068341,0.156519,0.140671,-0.0146188,0.0413371,0.0426897,0.000491501,0.0199502,0.0180137,-0.0779129,-0.00665362,-0.0123069,0.137101,0.103709,-0.00431568,0.107295,0.0720901,0.0684908,-34537.7
-34179.6,0.750702,0.462414,3,7,0,34196.7,-0.00234691,0.980827,0.174921,-0.0589355,0.239193,0.125308,0.285317,0.173951,0.0158383,0.0223389,0.208204,0.144326,-0.0619416,0.0767596,0.0435967,0.0028821,0.18281,0.0649184,0.146308,0.144118,-0.0232002,0.0469973,0.0632604,-0.0110501,0.0411996,0.00385153,-0.0897717,0.00178807,-0.0153521,0.169047,0.102891,-0.00815092,0.123947,0.0983386,0.0436954,-34523.6
-34182.8,0.734373,0.462414,3,7,0,34196.9,0.00694485,0.979197,0.182282,-0.056262,0.230387,0.114782,0.278569,0.182415,0.0300351,0.0204449,0.209424,0.144458,-0.0323957,0.0866771,0.0803995,-0.0140902,0.165838,0.0794708,0.148492,0.130085,-0.0266999,0.0560495,0.0631869,0.0112898,0.0291435,0.0192619,-0.0792531,0.0129869,-0.00844775,0.161625,0.148953,0.0141785,0.10048,0.0761701,0.0728498,-34505.4
-34183.6,0.732402,0.462414,3,7,0,34206.2,0.00143933,0.976017,0.180725,-0.0658164,0.236565,0.116494,0.284421,0.177187,0.00881914,0.0382583,0.205402,0.139104,-0.0763109,0.105962,0.0544291,-0.00460372,0.176494,0.0662144,0.135874,0.15906,2.0852e-05,0.03474,0.0447338,-0.0239345,0.0239056,-0.00382679,-0.0686393,-0.019733,-0.0060691,0.138712,0.0360479,0.00675771,0.161243,0.105125,0.0348641,-34534.8
-34187.6,0.701502,0.462414,3,7,0,34213.3,0.00525966,0.981346,0.187925,-0.0740301,0.245404,0.0952944,0.273506,0.168993,0.0151658,0.0273269,0.233461,0.135777,-0.0449825,0.0914149,0.0666868,-0.0068585,0.151747,0.077798,0.135509,0.11511,-0.0281856,0.0380644,0.0558236,0.0153373,0.0437786,-0.015782,-0.0740592,-0.0120933,-0.0175865,0.142254,0.076378,-0.000754594,0.0931783,0.0681475,0.0437456,-34496.9
-34185.9,0.935435,0.462414,3,7,0,34205.6,0.00320398,0.976003,0.176089,-0.0557082,0.231997,0.106951,0.29142,0.18008,0.0252268,0.0432302,0.201257,0.12424,-0.0670335,0.0821959,0.0846576,-0.0110483,0.181942,0.0562629,0.147947,0.13559,0.00276425,0.0603132,0.0472289,-0.00719679,0.0313129,0.0363941,-0.08238,0.0179499,0.00541801,0.116721,0.0692635,0.01624,0.119453,0.12996,0.0385023,-34518.1
-34191.6,0.760218,0.462414,3,7,0,34210.4,0.00241709,0.976398,0.190869,-0.0721631,0.25151,0.119497,0.280754,0.175875,0.0128687,0.0133717,0.210524,0.157192,-0.0476016,0.105363,0.048325,0.00042139,0.15211,0.0993413,0.140868,0.151615,-0.0287429,0.0439873,0.0823099,0.00395667,0.0286794,-0.010245,-0.0850287,-0.0251468,-0.0333004,0.130306,0.102199,0.0129126,0.115863,0.0496783,0.0755886,-34559.7
-34189.1,0.947123,0.462414,3,7,0,34210.6,0.0034739,0.975468,0.194272,-0.0711227,0.244231,0.124883,0.283036,0.173189,0.011852,0.019434,0.216643,0.152939,-0.0539156,0.0998907,0.0512858,0.00752179,0.16293,0.0986921,0.136776,0.14171,-0.0272412,0.0419703,0.0730149,0.0106554,0.0374424,-0.00726638,-0.0913549,-0.0251713,-0.0328792,0.112707,0.092527,0.00426913,0.165627,0.0621679,0.0964639,-34567.3
-34184.5,1,0.462414,3,7,0,34200.3,0.00296592,0.977714,0.171946,-0.0547112,0.231993,0.105599,0.296991,0.188432,0.0225428,0.0336808,0.203905,0.128646,-0.0567742,0.0808396,0.0867636,-0.0136106,0.178132,0.0564355,0.155583,0.144856,-0.000285614,0.0639909,0.0429962,-0.0108536,0.0248924,0.0279499,-0.0677713,0.00922422,0.0109075,0.210535,0.0713795,0.0168437,0.152849,0.114118,0.0344889,-34522
-34186.3,0.820515,0.462414,3,7,0,34204,0.00446085,0.981634,0.195714,-0.0732674,0.249837,0.117062,0.269438,0.172367,0.0138093,0.0188513,0.226172,0.145835,-0.0514255,0.0881226,0.0532473,0.00220055,0.145774,0.0965064,0.133513,0.130639,-0.0161585,0.0379748,0.0644878,0.00587141,0.0371179,0.00534218,-0.0757302,-0.0274819,-0.0296451,0.0778821,0.105438,-0.00553517,0.124978,0.0789601,0.0398117,-34521.4
-34181,0.806417,0.462414,3,7,0,34205.5,0.00608189,0.978696,0.191077,-0.0703592,0.249951,0.119827,0.277017,0.178855,0.0233424,0.0206074,0.227365,0.132975,-0.0531306,0.0909508,0.0600942,-0.000211618,0.151723,0.0981378,0.146449,0.1359,-0.0140713,0.042173,0.0702976,0.00230351,0.0370275,0.003488,-0.0841479,-0.0137972,-0.0242157,0.101847,0.117058,-0.0175684,0.101656,0.0870702,0.0444697,-34546.3
-34180.2,0.843793,0.462414,3,7,0,34199.1,0.00109508,0.98026,0.171414,-0.0494483,0.233644,0.116665,0.288755,0.194808,0.00464991,0.0356661,0.203643,0.145656,-0.0586553,0.0832537,0.0648391,-0.00659531,0.180552,0.0762735,0.131535,0.153106,-0.00328621,0.0638832,0.04311,-0.00599982,0.0243208,0.0218123,-0.0764981,0.0153186,-0.00541388,0.158213,0.0662241,0.0322049,0.174311,0.0982085,0.0434063,-34521
-34189,0.713957,0.462414,3,7,0,34200.9,0.0115731,0.977345,0.171647,-0.0750295,0.246326,0.125709,0.280605,0.156997,0.0395142,0.022146,0.214698,0.140296,-0.0411141,0.0871397,0.0668549,-0.00856089,0.150147,0.0762582,0.135718,0.131262,-0.0249827,0.0452839,0.0674568,-0.0185072,0.0346804,0.00227012,-0.0740745,-0.000693139,-0.000210629,0.112936,0.0449441,-0.0198545,0.072489,0.0927215,0.0393862,-34513.7
-34187.8,0.999455,0.462414,3,7,0,34205.9,-0.000748728,0.979289,0.181149,-0.0828856,0.203799,0.0977848,0.292821,0.202641,0.0130195,0.0252111,0.201673,0.136266,-0.0606653,0.0902576,0.0627363,0.00485835,0.175096,0.0727431,0.148099,0.151814,-0.000567191,0.0322277,0.0507901,0.00763549,0.0163107,0.0105821,-0.0634563,0.00110719,-0.00669944,0.142187,0.0510448,0.0253322,0.200903,0.095288,0.0340152,-34507.7
-34191.1,0.822528,0.462414,3,7,0,34212.1,-0.00330722,0.981581,0.184161,-0.0786557,0.241782,0.117374,0.294091,0.179569,0.0121284,0.0145272,0.220687,0.132751,-0.0487729,0.0889126,0.0902462,-0.0434608,0.173308,0.060612,0.126639,0.141527,-0.0124274,0.0478141,0.0557435,0.0234874,0.0401504,-0.00598398,-0.0769223,0.00163963,-0.015233,0.214121,0.0564836,0.00203372,0.105837,0.0676285,0.0470532,-34534.9
-34186.5,1,0.462414,3,7,0,34205.8,0.0100791,0.97616,0.177236,-0.0704104,0.228099,0.119925,0.294626,0.172852,0.024946,0.032726,0.207573,0.143439,-0.0556575,0.102095,0.0426385,0.0014551,0.172662,0.081514,0.160292,0.13854,-0.0117166,0.0506615,0.0452161,-0.0309252,0.0394767,0.0285026,-0.0735844,-0.0178611,-0.00319746,0.0243653,0.113689,0.00297267,0.187511,0.102572,0.036333,-34545.2
-34189.5,0.769385,0.462414,3,7,0,34206,-0.00319723,0.984273,0.185332,-0.0717729,0.237613,0.12156,0.27289,0.180646,0.0183153,0.0189992,0.207382,0.133528,-0.039269,0.0927936,0.078522,-0.00818576,0.168493,0.0579482,0.123202,0.143558,-0.0134128,0.0427392,0.0662531,0.035097,0.0178869,-0.000746747,-0.080798,0.00122272,-0.00677823,0.200026,0.0676046,-0.00108722,0.103509,0.0577786,0.06789,-34493.5
-34191.8,0.967332,0.462414,3,7,0,34203.8,0.0101193,0.972487,0.178789,-0.0566612,0.238198,0.115301,0.296487,0.178862,0.0122321,0.034174,0.212715,0.14566,-0.0655434,0.0921322,0.0490229,-0.0103282,0.15318,0.0843312,0.164518,0.136071,-0.0121003,0.0496724,0.0514515,-0.0324319,0.056977,0.036529,-0.0749687,0.00398793,-0.00436923,0.0508328,0.0919333,0.0169561,0.162585,0.108689,0.0353093,-34563.4
-34184.8,1,0.462414,3,7,0,34202.8,-0.0015821,0.985736,0.166235,-0.0755584,0.246863,0.108933,0.280936,0.181613,0.0241328,0.0215029,0.210853,0.143602,-0.0499211,0.0883351,0.0838843,-0.0121233,0.178942,0.079618,0.138072,0.139786,-0.0221433,0.0527235,0.05837,0.00213835,0.0153372,0.000749202,-0.0799638,-0.0323824,-0.0122451,0.116721,0.0409056,-0.0150993,0.133307,0.0716573,0.0518995,-34503.9
-34181.1,0.993384,0.462414,3,7,0,34199.1,0.0052565,0.97419,0.194365,-0.0472201,0.22591,0.120933,0.291869,0.175199,0.0119886,0.0396368,0.21837,0.14099,-0.0565282,0.0880992,0.0538366,-9.96354e-05,0.168822,0.0692889,0.144102,0.136873,-0.0033834,0.0422571,0.0533874,-0.00967852,0.0410814,0.0142707,-0.0719287,0.0206067,-0.000715925,0.155989,0.121544,0.0240128,0.111634,0.09658,0.032441,-34547.8
-34177.3,0.991148,0.462414,3,7,0,34191.8,0.00158129,0.983082,0.189098,-0.0777128,0.242915,0.112701,0.284938,0.182528,0.0195772,0.0135426,0.213197,0.132334,-0.0465649,0.104029,0.0755286,-0.0132458,0.171395,0.0794908,0.144895,0.137054,-0.0202894,0.0574779,0.051426,0.00325537,0.0220873,0.00232488,-0.0700799,-0.0162224,-0.0121519,0.105181,0.0587057,-0.0102742,0.142171,0.0646143,0.0404944,-34522.9
-34178.4,0.743323,0.462414,3,7,0,34192.5,0.00602796,0.97645,0.164435,-0.0623576,0.236019,0.116096,0.292627,0.176893,0.0105638,0.02902,0.203993,0.150997,-0.0508975,0.0841527,0.0526377,-0.000496666,0.166276,0.0804386,0.144477,0.152993,-0.0106229,0.0327326,0.0575967,0.000290411,0.0359858,0.0175219,-0.0885029,-0.0131261,-0.00666779,0.124592,0.140258,0.0131033,0.158245,0.12856,0.0455881,-34528
-34181.4,0.857146,0.462414,3,7,0,34191.3,0.00192219,0.980082,0.203054,-0.0623585,0.249245,0.113034,0.286548,0.165658,0.0227069,0.0150206,0.214344,0.13659,-0.0591073,0.0954365,0.0673834,-0.00780446,0.178207,0.0841429,0.166415,0.134361,-0.0256395,0.057259,0.0534477,0.00101254,0.0235802,0.00422559,-0.0861206,-0.0032129,-0.0196026,0.164452,0.188085,-0.000876476,0.115156,0.136198,0.0469422,-34546.4
-34184.6,0.646862,0.462414,3,7,0,34202.2,0.00571855,0.981311,0.16103,-0.0649561,0.219166,0.111871,0.287475,0.201372,0.0105601,0.0390195,0.20086,0.143629,-0.0461773,0.0966812,0.0700641,-0.00927711,0.149818,0.0732204,0.123991,0.160161,-0.00270769,0.0367133,0.057246,-0.0072419,0.0356488,0.0283527,-0.0720507,-0.00876325,0.000560318,0.0798494,0.0187836,0.0148771,0.191719,0.0867832,0.0371272,-34497.4
-34182.6,0.846171,0.462414,3,7,0,34201.8,0.000813553,0.97572,0.180693,-0.0832704,0.243706,0.106467,0.287475,0.167393,0.0260143,0.0285864,0.191672,0.153534,-0.0675929,0.0816309,0.0485855,-0.00587785,0.167752,0.0689522,0.154941,0.148045,-0.0222662,0.0712122,0.0449913,0.000208325,0.034456,-0.00235956,-0.0693579,-0.0166683,0.00203242,0.136277,0.110633,2.53977e-06,0.110817,0.0836898,0.0390688,-34522.8
-34183,0.868564,0.462414,3,7,0,34196.5,0.00648904,0.982949,0.169609,-0.0467636,0.239928,0.120385,0.280942,0.190518,0.0126202,0.0328724,0.221087,0.139831,-0.0389359,0.104915,0.0858463,-0.00193879,0.167008,0.0784574,0.128347,0.14163,-0.00473437,0.0341377,0.0562795,-0.0154468,0.0245236,0.0342497,-0.0714771,0.0152612,-0.0153783,0.172265,0.067366,-0.00489665,0.134651,0.0693782,0.0446495,-34522
-34183,0.76462,0.462414,3,7,0,34202.5,-0.00120151,0.977267,0.186518,-0.0560319,0.24266,0.110913,0.275736,0.179003,0.0104403,0.0366728,0.200352,0.137882,-0.046206,0.0876971,0.0782593,-0.000823966,0.182072,0.0880583,0.151517,0.141428,0.000969242,0.0301117,0.0515814,-0.0182207,0.00799396,0.0119245,-0.0873023,0.0135202,0.00445421,0.104536,0.0971194,0.0172494,0.095424,0.0652993,0.0499111,-34518
-34180.7,0.854721,0.462414,3,7,0,34201.8,0.00714396,0.979436,0.177197,-0.0683083,0.239683,0.11667,0.285569,0.182923,0.0236589,0.0149689,0.216221,0.139873,-0.0592492,0.0974471,0.0561374,-0.00430951,0.152349,0.0691735,0.138179,0.137588,-0.0237245,0.0760003,0.062544,0.0165462,0.0474398,0.017591,-0.0705337,-0.0231764,-0.0155637,0.151272,0.0714526,0.00941962,0.143631,0.111527,0.0544605,-34528.1
-34181.4,0.893707,0.462414,3,7,0,34197.1,-0.000445707,0.976907,0.188583,-0.0596092,0.222575,0.122784,0.284253,0.176667,0.000718038,0.0318425,0.215982,0.149194,-0.056271,0.0753167,0.0755297,-0.0135295,0.191325,0.0749594,0.140431,0.136988,-0.0130235,0.0421963,0.078818,-0.00840164,0.0253125,0.0046583,-0.0808912,0.0110896,0.00246658,0.103348,0.0880925,0.02702,0.110976,0.0595528,0.0542206,-34541.1
-34183.9,0.920589,0.462414,3,7,0,34196.2,0.00751523,0.980746,0.167702,-0.065231,0.244285,0.109532,0.284249,0.179009,0.0375938,0.0363733,0.210927,0.146251,-0.0504312,0.109045,0.0576696,0.000390221,0.149472,0.080328,0.139053,0.144756,-0.0222171,0.0628641,0.0405429,0.0238437,0.0382682,0.0231136,-0.0862508,-0.00541043,-0.0167448,0.161289,0.0723122,-0.00302475,0.118062,0.123222,0.0459783,-34517.5
-34186.4,0.90574,0.462414,3,7,0,34201.6,-0.00171794,0.977563,0.198918,-0.0620899,0.244491,0.110036,0.28015,0.190855,-0.000909619,0.0199607,0.20971,0.138135,-0.0772477,0.0759746,0.0724138,-0.0104909,0.16839,0.0624546,0.166138,0.152013,-0.00457399,0.0446606,0.0655835,0.0139514,0.027775,0.0100054,-0.095609,-0.0138085,-0.0199197,0.0892586,0.0395491,0.018299,0.118069,0.133813,0.0547984,-34546.9
-34187.2,1,0.462414,3,7,0,34198.5,0.000765966,0.976395,0.197174,-0.0582726,0.245545,0.109614,0.28673,0.18979,-0.00323223,0.0249438,0.210366,0.13732,-0.080466,0.0732937,0.071057,-0.00571311,0.172286,0.0624912,0.164947,0.163385,-0.00700639,0.0485443,0.0647482,0.0223403,0.0362078,0.0118925,-0.0873294,-0.00754686,-0.0215672,0.0950095,0.0233383,0.0141482,0.132288,0.142737,0.0596974,-34563.9
-34186.3,0.892466,0.462414,3,7,0,34203.9,0.00555202,0.97321,0.163071,-0.0654397,0.225841,0.12068,0.291996,0.170709,0.0366486,0.0327884,0.205135,0.152888,-0.0334932,0.0971234,0.064034,-0.00885975,0.172564,0.081659,0.118581,0.130227,-0.0225588,0.0565671,0.0629469,-0.0245081,0.025521,0.00421,-0.0603873,-0.00317874,0.00296842,0.177581,0.0794286,-0.00474056,0.136898,0.070997,0.0379711,-34519
-34183.8,0.864352,0.462414,3,7,0,34206.7,0.00455961,0.975159,0.158343,-0.0738397,0.221837,0.11228,0.300156,0.181139,0.0261948,0.0436769,0.200685,0.155053,-0.0438023,0.0884169,0.0623514,-0.0137377,0.172176,0.0723625,0.123594,0.139141,-0.0308796,0.0575128,0.0539238,-0.020382,0.0262917,0.00824748,-0.0583988,-0.00864043,0.000434824,0.178772,0.0755979,-0.00901797,0.140201,0.0610499,0.0433281,-34513
-34185.9,0.811366,0.462414,3,7,0,34202.3,-0.000328929,0.983318,0.179701,-0.0649319,0.222372,0.100426,0.28211,0.169639,0.0125372,0.0173741,0.207181,0.134588,-0.04364,0.0979453,0.0737894,-0.0225207,0.15163,0.0700531,0.131816,0.146351,-0.0225739,0.0750227,0.0749357,0.0127235,0.0264125,0.0181366,-0.0775952,0.00988477,0.00588819,0.0584445,0.0733382,0.012112,0.176948,0.0767102,0.0480921,-34480.1
-34186,0.987772,0.462414,3,7,0,34202.3,0.00513236,0.973138,0.170776,-0.067971,0.229622,0.122014,0.29351,0.17522,0.0299616,0.0484111,0.2139,0.143814,-0.0520772,0.0867889,0.0761843,0.0109133,0.16511,0.0923583,0.143343,0.144881,-0.00876677,0.0249965,0.0789985,-0.00864288,0.0226905,0.0103037,-0.0822102,-0.00241882,-0.0291551,0.0625294,0.0948913,-0.00651336,0.146176,0.0595278,0.0543748,-34555.3
-34185.1,0.966493,0.462414,3,7,0,34200.3,0.00645152,0.9836,0.185342,-0.0763829,0.235907,0.118727,0.299019,0.167147,0.00308369,0.0403767,0.206149,0.148001,-0.0309143,0.0944232,0.0583091,-0.0108301,0.172862,0.101451,0.135737,0.159164,-0.0185776,0.0688435,0.0476987,-0.00285414,0.0193937,0.0115524,-0.0827209,0.00486407,-0.0220902,0.123196,0.119851,0.00199711,0.144838,0.0741934,0.042526,-34537
-34183.5,1,0.462414,3,7,0,34195.5,0.00799542,0.981856,0.186625,-0.0825367,0.235034,0.115603,0.295926,0.160152,0.000641133,0.0397753,0.201971,0.153223,-0.0325712,0.093251,0.0577789,-0.00474163,0.16752,0.09545,0.14173,0.154225,-0.0215263,0.0598456,0.0445816,-0.00315988,0.0205064,0.0141372,-0.0822303,-0.0022308,-0.0243728,0.12393,0.100022,0.0113032,0.156966,0.0734113,0.0373206,-34526.6
-34184.4,0.778558,0.462414,3,7,0,34206.3,0.00792708,0.981095,0.193936,-0.0787224,0.218603,0.127883,0.29041,0.161081,0.00751054,0.030021,0.199456,0.143396,-0.0379501,0.103741,0.056141,-4.69554e-05,0.166893,0.0978802,0.144012,0.151924,-0.0117687,0.0558855,0.0397788,-0.0134984,0.0185122,0.0163791,-0.0783348,-0.013097,-0.023264,0.121075,0.0896613,0.0172766,0.18422,0.0791237,0.0408939,-34519.4
-34184.4,0.858017,0.462414,3,7,0,34202.5,-0.000943706,0.975012,0.170016,-0.0477762,0.23972,0.116673,0.282735,0.19838,0.0256172,0.0284445,0.218823,0.148454,-0.0593551,0.0776955,0.0613822,-0.00434015,0.159207,0.0656765,0.147172,0.12806,-0.0240275,0.0428884,0.0551936,-0.00774114,0.0282541,0.00698946,-0.0867355,-0.0145821,-0.00238491,-0.0217068,0.0567474,-0.0225268,0.162151,0.0786596,0.041056,-34526.4
-34188.1,0.816182,0.462414,3,7,0,34204.3,0.00117317,0.978814,0.185566,-0.0392345,0.244701,0.116212,0.28789,0.17006,0.00974575,0.0185955,0.214729,0.12836,-0.0555325,0.0850314,0.0751165,-0.0190246,0.147399,0.0890606,0.150078,0.148244,-0.0335061,0.0529155,0.0664554,0.0074747,0.0303445,0.0326023,-0.0806385,0.0191151,-0.0198747,0.0245055,0.0986194,0.0284164,0.199358,0.0526091,0.0498292,-34523.5
-34184.2,0.78053,0.462414,3,7,0,34209.1,0.00735725,0.978094,0.184086,-0.0530009,0.248967,0.125379,0.282344,0.189928,0.0280353,0.0309363,0.229182,0.156908,-0.0414772,0.0971597,0.0678706,0.00607725,0.149674,0.0736319,0.153593,0.130508,-0.0153215,0.0555321,0.0438607,0.00751845,0.0286964,0.0258985,-0.0856296,0.00262603,0.00316553,0.143019,0.0749186,-0.0320373,0.145229,0.0961617,0.0604376,-34563.1
-34184.6,0.811684,0.462414,3,7,0,34202.6,-0.00173082,0.979638,0.181472,-0.0524288,0.220533,0.136626,0.284138,0.194311,0.02184,0.020818,0.226027,0.142953,-0.0325536,0.0844532,0.0538371,-0.0215781,0.17135,0.085277,0.144952,0.126974,-0.0143109,0.0456795,0.0521219,0.00124985,0.0313548,0.00944072,-0.0829659,0.00190272,-0.00307208,0.196125,0.0635628,-0.0138362,0.110819,0.0772243,0.07173,-34529.7
-34182.3,0.85404,0.462414,3,7,0,34203.4,0.00364984,0.978484,0.180424,-0.0681098,0.253674,0.0918403,0.281754,0.168664,0.0111095,0.0336009,0.201879,0.138848,-0.0729757,0.0914297,0.0851176,0.00524163,0.162046,0.0669588,0.139783,0.15595,-0.015773,0.0595617,0.0566237,-0.00452108,0.0102443,0.00852865,-0.0737311,-0.0167971,-0.0127007,0.0727163,0.101765,0.0311325,0.180998,0.0825419,0.0615823,-34511.9
-34183.9,0.953073,0.462414,3,7,0,34196,0.00298236,0.978667,0.177525,-0.0599048,0.234455,0.116523,0.307828,0.195302,0.0184545,0.00819194,0.212325,0.144657,-0.0374709,0.0889617,0.063996,-0.010683,0.160787,0.0912255,0.152772,0.155315,0.000920868,0.053506,0.0494716,0.0126542,0.0275712,0.00597537,-0.0859417,-1.90444e-05,-0.00729108,0.169506,0.0725994,-0.0245528,0.0961478,0.0655865,0.0335784,-34560.2
-34190.6,0.817232,0.462414,3,7,0,34205.3,0.00635474,0.984344,0.186959,-0.0690779,0.239861,0.108949,0.313419,0.193636,0.0205256,0.0318994,0.217632,0.138358,-0.0480015,0.0903013,0.0811667,-0.00385427,0.154227,0.0806891,0.161023,0.166816,0.0051462,0.0420667,0.0517061,-0.000644229,0.0479885,-0.0101549,-0.0757077,-0.00844836,-0.00178259,0.152369,0.0788126,0.0242592,0.132766,0.0725874,0.033979,-34580.3
-34193.8,0.915709,0.462414,3,7,0,34206.5,-0.00484285,0.971539,0.177713,-0.0656043,0.235973,0.116481,0.257182,0.169308,0.0117482,0.022584,0.204365,0.13861,-0.0469705,0.0919468,0.0568009,0.00172415,0.177872,0.0760187,0.127528,0.128874,-0.0308453,0.0535246,0.0705434,-0.00406896,0.00865746,0.0371099,-0.082322,-0.00415677,-0.0182962,0.102886,0.0999406,-0.0304663,0.113675,0.0724943,0.0613407,-34491.4
-34183.4,1,0.462414,3,7,0,34206.9,0.00589831,0.981427,0.191311,-0.0510519,0.233246,0.125468,0.274435,0.184711,0.0259498,0.0403919,0.204279,0.131672,-0.0704935,0.113901,0.0585302,0.00733528,0.177607,0.0732039,0.141794,0.139921,0.0107886,0.0666862,0.0603492,-0.0101961,0.0379989,0.0179875,-0.0841005,0.0015247,-0.00561014,0.16618,0.0834904,0.00623862,0.0873653,0.0578663,0.0671972,-34532.6
-34186,0.792734,0.462414,3,7,0,34202,0.00248582,0.977252,0.172337,-0.0718182,0.233913,0.10932,0.292632,0.171775,0.0111012,0.0134219,0.210786,0.147266,-0.0384181,0.0631731,0.0767745,-0.0171,0.16798,0.0726754,0.145323,0.15567,-0.0310109,0.0327801,0.0545271,0.00949809,0.0148552,0.00147955,-0.0606356,-0.00184406,-0.0108409,0.169223,0.083871,-0.00564653,0.249476,0.140871,0.0341667,-34508.7
-34196.3,0.771694,0.462414,3,7,0,34214.9,0.00843597,0.975027,0.194618,-0.0430135,0.233147,0.137028,0.285792,0.181165,0.020955,0.00828243,0.215095,0.141757,-0.0300744,0.081073,0.0892437,0.000989923,0.159643,0.0821943,0.177283,0.147945,-0.0172056,0.0501271,0.064543,0.00189509,0.0182159,0.000390068,-0.0638039,-0.0109878,-0.0157156,0.0698378,0.127577,0.00766066,0.142284,0.0430735,0.0275506,-34560.7
-34190.9,0.996303,0.462414,3,7,0,34213.2,-0.00134999,0.983458,0.169538,-0.0897585,0.247925,0.0978639,0.283454,0.178484,0.0104002,0.033157,0.19759,0.13721,-0.0707649,0.0952762,0.0466924,-0.016162,0.167988,0.0803031,0.128654,0.141932,-0.0124369,0.0510459,0.0528774,-0.0106699,0.0385654,0.00507309,-0.0921219,-0.00361709,0.00454449,0.170872,0.0322471,0.0020848,0.166922,0.154708,0.0800954,-34497.3
-34184.7,1,0.462414,3,7,0,34206.1,0.00501652,0.977398,0.15888,-0.0680634,0.252436,0.118465,0.276419,0.184206,0.0228824,0.0302198,0.210033,0.154643,-0.053194,0.0898889,0.0749155,-0.0131787,0.181025,0.0799551,0.14513,0.16681,-0.00532342,0.0560473,0.0507533,-0.00333997,0.026553,0.0273923,-0.0808216,-0.000122193,-0.0128382,0.1599,0.14091,0.0211333,0.114752,0.077635,0.112458,-34547
-34183.2,0.917172,0.462414,3,7,0,34198.7,0.00142656,0.981828,0.202175,-0.057194,0.223311,0.11276,0.299697,0.176742,0.0106585,0.0236859,0.21228,0.135592,-0.061995,0.0836171,0.0609272,-0.00587845,0.160423,0.0754356,0.145511,0.12238,-0.0235246,0.0506232,0.0758665,-0.00239495,0.0420315,-0.00233646,-0.0796415,-0.0189402,-0.00666029,0.0946087,0.0329237,0.0236234,0.185361,0.0913495,0.0437601,-34524.6
-34189.4,0.798677,0.462414,3,7,0,34202.5,0.00247967,0.975468,0.186433,-0.0427055,0.245131,0.12993,0.286551,0.181393,0.0245089,0.0282802,0.20042,0.139402,-0.0584726,0.0921384,0.0816256,-0.000856831,0.176342,0.0745603,0.139719,0.167001,-0.000659321,0.0387505,0.0600781,0.00480552,0.00394865,0.0415605,-0.0675548,0.00813293,-0.0142586,0.16874,0.142298,-0.0130488,0.104834,0.0674479,0.0387943,-34556.2
-34188,0.965002,0.462414,3,7,0,34206.8,0.00804279,0.980646,0.180087,-0.0842148,0.231387,0.103724,0.282322,0.180393,0.0158368,0.013926,0.223424,0.144648,-0.051961,0.0852977,0.0578711,-0.0205753,0.158739,0.074828,0.135542,0.121996,-0.0155446,0.0655137,0.0643742,-0.00706271,0.0523453,-0.00968093,-0.0902531,-0.0153209,-0.000363006,0.0801352,0.0307967,0.022579,0.145345,0.144647,0.0737678,-34512.4
-34189.3,0.95277,0.462414,3,7,0,34207.6,0.00236985,0.977102,0.183149,-0.0874822,0.228778,0.139198,0.285735,0.184018,0.0169948,0.0309508,0.214065,0.149521,-0.0617813,0.0815549,0.0745434,-0.00759892,0.156985,0.0850162,0.159605,0.14824,-0.0254897,0.0499979,0.0848965,0.014071,0.0306781,0.0297798,-0.0827994,-0.00386309,-0.00388544,0.136872,0.101683,0.0633432,0.125865,0.0472565,0.066385,-34572.5
-34183.2,0.942357,0.462414,3,7,0,34204.7,0.00351387,0.978062,0.196599,-0.0823878,0.227248,0.124055,0.284792,0.181069,0.00958875,0.0263009,0.208483,0.134083,-0.0686645,0.103002,0.0498886,-0.0133189,0.164026,0.0927359,0.14496,0.126598,-0.0132886,0.0620529,0.0734907,0.000139793,0.0448355,0.0168331,-0.0752973,-0.0164752,-0.00826002,0.125953,0.0878672,0.0409307,0.120123,0.085629,0.0984152,-34542.1
-34180.4,0.856058,0.462414,3,7,0,34200.3,0.00147345,0.979388,0.164934,-0.0434315,0.24432,0.111402,0.282965,0.179965,0.0229802,0.0331187,0.206303,0.143272,-0.0420296,0.079817,0.0818062,0.00493621,0.172748,0.0608183,0.13498,0.172637,-0.0111618,0.0457929,0.0445819,-0.0108155,0.0222087,0.00976024,-0.0839073,0.00765612,-0.00712054,0.16423,0.0780219,0.0072027,0.117017,0.076401,0.0417003,-34514.5
-34188.1,0.684461,0.462414,3,7,0,34205.7,0.0026688,0.980083,0.18267,-0.0578776,0.227821,0.125623,0.301826,0.175712,0.0177256,0.0301138,0.21986,0.135833,-0.058948,0.0784153,0.0512143,0.0132794,0.150724,0.0746031,0.141893,0.141935,-0.00565122,0.0283802,0.0471998,-0.0165257,0.00198011,0.0364558,-0.0804408,-0.0229875,-0.0124943,0.122423,0.119406,-0.00762423,0.111447,0.0987275,0.0249488,-34528.6
-34188.4,0.886613,0.462414,3,7,0,34204.8,-5.34119e-05,0.977814,0.175487,-0.0564448,0.237098,0.126685,0.309431,0.182483,0.00705466,0.0245022,0.230731,0.138469,-0.0684901,0.0664517,0.046886,0.00627206,0.157313,0.0765466,0.137615,0.146691,-0.00951421,0.0543951,0.0562075,-0.011589,0.00998291,0.0153302,-0.074465,-0.0330926,0.0055115,0.149416,0.125211,-0.0137809,0.10525,0.0974483,0.0388262,-34565.3
-34185.9,0.877214,0.462414,3,7,0,34208,0.0063941,0.980403,0.196308,-0.061956,0.23169,0.111899,0.282923,0.185862,0.0209542,0.0286836,0.198905,0.136348,-0.0571817,0.117058,0.0889957,-0.00822583,0.171814,0.0648136,0.154446,0.141509,-0.0200335,0.0528228,0.0488434,0.0100304,0.0335773,0.0115974,-0.0739778,0.0239153,-0.0336592,0.102848,0.0455059,0.0153589,0.206533,0.0717076,0.0394772,-34523.8
-34183.1,0.87842,0.462414,3,7,0,34201.8,0.00272645,0.977101,0.172249,-0.0565424,0.260839,0.110342,0.298776,0.172958,0.0235259,0.0244914,0.194037,0.131213,-0.0593496,0.0693252,0.0721063,0.000350783,0.151922,0.0682686,0.151415,0.15031,-0.0111604,0.0531265,0.050983,0.000832835,0.0190234,0.013764,-0.0533252,-0.0186012,-0.0239717,0.149747,0.114189,-0.0224149,0.107738,0.103297,0.0447164,-34512.9
-34184.6,0.88753,0.462414,3,7,0,34200.1,0.000510724,0.979016,0.192142,-0.039625,0.232776,0.107215,0.29578,0.195885,0.0139612,0.00940278,0.199638,0.147656,-0.0521145,0.0777813,0.073017,-0.00471951,0.156,0.0773482,0.144372,0.15455,-0.00699148,0.0530639,0.0749932,0.00621776,0.0265058,0.0345128,-0.0813705,0.00647881,0.000707664,0.170606,0.0194355,0.0320946,0.110619,0.0736776,0.0420704,-34535.3
-34185.1,0.942254,0.462414,3,15,0,34199.4,0.00522182,0.97797,0.181564,-0.0651846,0.252523,0.113627,0.279223,0.195596,0.0142447,0.0315597,0.220179,0.12961,-0.0671221,0.0924672,0.0587881,0.00526018,0.168099,0.0740288,0.144586,0.153554,-0.0199745,0.0469814,0.0492599,-0.0166794,0.0177955,0.0229328,-0.0764374,-0.0136977,-0.0287718,0.0572558,0.000750934,-0.0164661,0.188951,0.230908,0.0540471,-34542.9
-34183.5,0.567133,0.462414,3,7,0,34213.8,0.00198051,0.979206,0.182629,-0.0657557,0.226091,0.116122,0.293204,0.155535,0.0191691,0.0137365,0.212421,0.136846,-0.0588676,0.0797914,0.0690078,-0.000540106,0.150526,0.0858963,0.158456,0.150239,0.00298071,0.0760616,0.0656742,0.0117329,0.0195255,0.00768594,-0.08669,-0.0194738,-0.0126329,0.176379,0.100505,0.0184123,0.0877316,0.0671861,0.0498186,-34522.9
-34186.6,0.914497,0.462414,3,7,0,34201.7,0.00563662,0.977701,0.183144,-0.0495907,0.228262,0.115703,0.272139,0.19846,0.00985433,0.0292687,0.194209,0.144775,-0.0616961,0.111782,0.0681914,0.000671324,0.183466,0.0754162,0.133906,0.144116,-0.0256841,0.0362934,0.054328,-0.0219367,0.0309243,0.0185199,-0.0810484,0.0146881,-0.00528722,0.109853,0.071833,-0.0436984,0.178519,0.0903923,0.0990234,-34514.6
-34188.8,0.823849,0.462414,3,7,0,34203.5,-0.00518206,0.980537,0.181316,-0.0662719,0.244501,0.116395,0.301105,0.166141,0.0232932,0.0173242,0.228352,0.13687,-0.0465619,0.0679882,0.0658068,-0.0155763,0.148239,0.0798365,0.159533,0.144724,-0.00225531,0.0583817,0.0618493,0.0162297,0.0250878,0.00708387,-0.0745182,-0.022809,-0.0145116,0.148362,0.0837285,0.0319342,0.0860098,0.080476,0.030086,-34543.3
-34185.8,1,0.462414,3,7,0,34206.4,0.000357004,0.978411,0.174199,-0.0735554,0.240937,0.109783,0.295039,0.161949,0.00614709,0.022828,0.208802,0.143245,-0.0635243,0.0787853,0.0791844,-0.00738271,0.197483,0.0798893,0.17186,0.166052,-0.0015175,0.0467137,0.0624274,-0.00387593,0.0316868,-0.00126111,-0.0807383,0.00414871,-0.0171517,0.0972295,0.11868,-0.0280691,0.197669,0.093928,0.0532217,-34560.1
-34193.5,0.754411,0.462414,3,7,0,34206.9,0.00883525,0.979844,0.155361,-0.0651181,0.228562,0.123233,0.297155,0.193772,0.0254025,0.0167115,0.205164,0.127088,-0.0471894,0.0853897,0.0639015,-0.0190224,0.172363,0.0969838,0.167143,0.173762,-0.0349513,0.0503413,0.0787335,-0.0179464,0.0270692,-0.0160192,-0.0735732,-0.00262576,-0.0273898,0.119632,0.059884,-0.00961571,0.150146,0.0875423,0.0602589,-34537.9
-34192.7,0.993821,0.462414,3,7,0,34206.4,-0.0014926,0.979617,0.204629,-0.0661978,0.244058,0.104107,0.275721,0.16648,0.00591313,0.0366636,0.214299,0.157875,-0.0583706,0.0932002,0.0774245,0.0147861,0.165568,0.0647352,0.119771,0.114192,0.00328462,0.0529844,0.046356,0.013409,0.0341504,0.0349999,-0.0888372,-0.00167208,0.00196313,0.193484,0.0792302,0.0110892,0.132548,0.114679,0.0457699,-34526.4
-34179.3,0.988028,0.462414,3,7,0,34205.4,0.00174843,0.98229,0.187922,-0.0734981,0.247027,0.116446,0.270869,0.172518,0.00556488,0.0335315,0.199497,0.151657,-0.062978,0.0994963,0.0728228,0.00350294,0.154529,0.0757312,0.14041,0.142242,-0.0153975,0.0417476,0.0491057,0.00301984,0.0322361,0.0237768,-0.075128,-0.00460782,-0.0150016,0.0945972,0.117348,0.019421,0.128104,0.109583,0.0351264,-34506.6
-34184.8,0.741503,0.462414,3,7,0,34196.3,0.00856197,0.979121,0.152464,-0.0502908,0.242554,0.109046,0.292052,0.166333,0.0153207,0.0403782,0.212876,0.131817,-0.051023,0.0966902,0.0611264,0.00576248,0.179135,0.0814474,0.133297,0.149469,-0.00387081,0.0577819,0.0368879,0.000435478,0.0246978,0.0120798,-0.0647144,-0.0129979,-0.0348987,0.115067,0.105689,-0.0259228,0.113015,0.0813217,0.0413249,-34505
-34185.3,0.900016,0.462414,3,7,0,34200.1,0.00102279,0.975703,0.211727,-0.071144,0.22364,0.119436,0.276209,0.199053,0.0188531,0.0156837,0.20486,0.146131,-0.05189,0.0912195,0.0760852,-0.0156339,0.149178,0.0748203,0.153008,0.144278,-0.0196722,0.0448553,0.0741952,-0.00557734,0.0412259,0.0170883,-0.0844094,0.00471012,0.0158365,0.136616,0.0645971,0.030943,0.112604,0.0769498,0.0827263,-34549.9
-34191.1,0.713752,0.462414,3,7,0,34209.6,0.00452172,0.980876,0.153021,-0.039785,0.215631,0.134845,0.280629,0.171193,0.0108366,0.0482334,0.22411,0.126617,-0.0696309,0.0958636,0.0538051,-0.00109925,0.190185,0.0896314,0.140298,0.153663,0.00694705,0.0657612,0.061815,0.00047044,0.0307378,0.00877007,-0.0771209,0.00440804,-0.0275359,0.135221,0.152147,0.00969078,0.111029,0.100107,0.0439802,-34520
-34189.8,0.88002,0.462414,3,7,0,34208.1,0.0021798,0.978445,0.209137,-0.0824096,0.258204,0.104807,0.292831,0.194056,0.0194814,0.00878672,0.205699,0.149735,-0.0583321,0.0785244,0.0730294,-0.00455044,0.14524,0.0559123,0.151381,0.133544,-0.0319286,0.0554479,0.0675244,-0.00927007,0.0236912,0.0136181,-0.0642009,-0.0220398,-0.00268263,0.13173,0.0697143,-0.00879751,0.127645,0.191257,0.0513557,-34553.6
-34182.9,0.99914,0.462414,3,7,0,34201.7,0.00752844,0.977968,0.193273,-0.0713587,0.237016,0.099244,0.285341,0.20956,0.0140838,0.00264261,0.206246,0.140084,-0.0673529,0.0838155,0.0763876,-0.0184955,0.159062,0.056818,0.151925,0.144271,-0.0261337,0.0511417,0.0622925,0.00581321,0.0380561,0.0122485,-0.0727598,-0.0130173,-0.00378012,0.119521,0.084229,-0.00176696,0.184486,0.109709,0.0554071,-34530.2
-34181.9,0.887635,0.462414,3,7,0,34202.3,0.00287198,0.98096,0.171902,-0.0542615,0.229053,0.127735,0.288799,0.156824,0.0230908,0.0487153,0.208624,0.141517,-0.0355715,0.107449,0.0627713,0.00555781,0.168276,0.0821967,0.142577,0.150679,0.00454103,0.0387391,0.0448753,-0.00845982,0.0211673,0.0162176,-0.0625923,-0.000704039,-0.0190427,0.135941,0.0907943,-0.00324241,0.0855545,0.0525413,0.0389832,-34513.3
-34182.6,0.786944,0.462414,3,7,0,34198.6,0.00383705,0.977165,0.199246,-0.0581433,0.220412,0.116869,0.281583,0.183576,0.0137456,0.00892422,0.199682,0.119101,-0.0538371,0.0823343,0.0820124,-0.00920993,0.172318,0.0586743,0.13145,0.147236,-0.00756784,0.0405399,0.062988,0.0240115,0.0337173,0.0068493,-0.0900446,0.00430432,-0.00944309,0.118947,0.0889766,0.0146095,0.119663,0.0864566,0.0342197,-34503.1
-34183.3,0.874516,0.462414,3,7,0,34199.9,0.00453515,0.97904,0.16919,-0.0626339,0.234803,0.096612,0.277151,0.18366,0.0222277,-0.0055197,0.215044,0.160022,-0.0604062,0.11005,0.0674527,-0.00156666,0.156609,0.074433,0.159439,0.149675,-0.00961677,0.0589659,0.0527346,-0.00582552,0.0301848,0.0333729,-0.0667706,-0.00640478,-0.0197342,0.0546094,0.0787089,-0.0093055,0.142677,0.0760237,0.0407493,-34521
-34182.1,0.911586,0.462414,3,7,0,34199.7,0.002927,0.977984,0.163361,-0.0494032,0.246877,0.107733,0.284787,0.180026,0.0173728,0.0217937,0.213333,0.159905,-0.0658986,0.0910673,0.073363,-0.00884043,0.16371,0.0737361,0.147035,0.139438,-0.0163221,0.0572872,0.0373705,0.0201309,0.0400976,0.0154983,-0.0714329,0.00286256,8.44828e-05,0.0587937,0.129399,-0.00712857,0.177861,0.0632335,0.0491501,-34525.6
-34182.1,0.968418,0.462414,3,7,0,34197.1,-3.21718e-05,0.978996,0.163161,-0.0471111,0.246857,0.111134,0.280375,0.178056,0.0221394,0.0130206,0.212824,0.160381,-0.0703755,0.0924957,0.0725321,-0.00639601,0.159137,0.0721348,0.143443,0.140585,-0.0225981,0.0548654,0.0272052,0.00755718,0.0346863,0.0146076,-0.0725571,-0.00298854,0.00593607,0.0802568,0.107527,-0.00914322,0.130113,0.0614001,0.0483037,-34514.9
-34184.4,0.900978,0.462414,3,7,0,34199.6,0.00742876,0.978598,0.200836,-0.0692848,0.229083,0.110484,0.279485,0.179776,0.0171688,0.0562812,0.189397,0.118467,-0.0409067,0.0908161,0.0625622,0.00453568,0.160255,0.0718847,0.132317,0.145797,-0.00640381,0.0484202,0.0826499,-0.00583843,0.0240879,0.0222999,-0.0797368,-0.0223363,-0.00561377,0.169331,0.0512146,0.0249631,0.0995637,0.0951659,0.0440683,-34496.9
-34186.7,0.911942,0.462414,3,7,0,34201.7,-0.0019175,0.978533,0.180798,-0.0639797,0.249496,0.136363,0.290247,0.17051,0.0200034,0.0179041,0.206515,0.147467,-0.0743675,0.0868098,0.0832412,0.00189916,0.168371,0.0871616,0.143269,0.163317,-0.0173363,0.0634049,0.0589859,-0.0286809,0.0239323,0.0107025,-0.066818,-0.00114807,-0.0219694,0.0963386,0.135387,-0.0271398,0.161865,0.0665563,0.050269,-34569.3
-34187.3,0.863716,0.462414,3,7,0,34203.4,0.00772867,0.979076,0.169893,-0.0648446,0.2344,0.103177,0.288286,0.186023,0.023921,0.039956,0.207778,0.123178,-0.0685378,0.0779845,0.0790439,0.00465709,0.18883,0.0816892,0.142466,0.148655,-0.00892256,0.0643864,0.0358461,-0.0176009,0.0379619,-0.00133547,-0.0914279,-0.0204471,-0.00609484,0.0952862,0.0714538,0.0244674,0.17922,0.135865,0.0628155,-34521.5
-34186.2,0.988277,0.462414,3,7,0,34202.2,-0.000613499,0.979858,0.189935,-0.0555345,0.252105,0.12506,0.282635,0.175228,0.0131655,0.0229476,0.207728,0.158882,-0.0419205,0.0767025,0.0583669,-0.0210968,0.153527,0.0743449,0.139609,0.151306,-0.025405,0.0367825,0.0931603,0.00666435,0.0264406,0.0241521,-0.0758603,0.000196907,-0.0251648,0.158493,0.0481783,0.0196713,0.0836847,0.0809212,0.0659877,-34534.8
-34186.3,0.893454,0.462414,3,7,0,34203.2,0.00556137,0.982101,0.18009,-0.0631874,0.245539,0.104268,0.281982,0.185997,0.0176722,0.0347026,0.207408,0.146246,-0.0504386,0.096001,0.0708758,0.000547582,0.174906,0.069871,0.150929,0.155689,-0.0280655,0.0409112,0.0730451,-0.00748246,0.0487695,0.00956879,-0.0828105,-0.0149234,-0.0437183,0.118241,0.000722182,0.0209855,0.1474,0.112805,0.0639277,-34531.8
-34190.2,0.889065,0.462414,3,7,0,34205.5,0.00179282,0.975861,0.164924,-0.0558215,0.226601,0.118672,0.305357,0.184622,0.0135679,0.0117571,0.222393,0.138527,-0.0314317,0.0901771,0.0590222,-0.0295369,0.178662,0.0878953,0.144389,0.131395,-0.0135824,0.0521153,0.0635013,-0.00924099,0.0283172,0.00307586,-0.0881246,0.00471524,0.0215369,0.186443,0.0656393,-0.0215846,0.123544,0.103001,0.0865511,-34549.1
-34189.5,0.848911,0.462414,3,7,0,34210.6,0.00406759,0.977185,0.198939,-0.0750413,0.25508,0.115346,0.282139,0.17219,0.0187225,0.0429797,0.197737,0.141734,-0.0690267,0.0888447,0.074289,0.00820714,0.169186,0.0665782,0.143842,0.157417,-0.0131522,0.0411115,0.0466453,0.000750784,0.0503029,0.0110988,-0.0702199,-0.0164629,-0.0409311,0.0460142,0.0874982,0.012126,0.172671,0.0813535,0.0264704,-34549.3
-34185.9,1,0.462414,3,7,0,34207.8,0.000478923,0.980249,0.173088,-0.0649648,0.241091,0.111948,0.29324,0.192841,0.0170225,0.0334649,0.197218,0.144818,-0.0676062,0.0686444,0.0768281,0.00293499,0.176107,0.0658018,0.129587,0.145999,-0.00644127,0.0642277,0.0509662,0.00937562,0.0454462,0.000204158,-0.0781013,-0.0297679,-0.0266212,0.0209726,0.102056,0.017054,0.197528,0.0787713,0.0540543,-34522.1
-34181.7,1,0.462414,3,7,0,34195.7,0.00622946,0.976125,0.192016,-0.0636702,0.232404,0.11581,0.281469,0.177116,0.0174456,0.0210771,0.210873,0.137237,-0.0424516,0.10863,0.063883,-0.0166431,0.160286,0.0713778,0.153969,0.145316,-0.0184497,0.0490251,0.0650296,0.00107405,0.0199294,0.0215737,-0.0634033,0.0187608,0.0171109,0.0839194,0.090262,0.00435146,0.168686,0.0874307,0.0313848,-34532.9
-34183,0.983505,0.462414,3,7,0,34192.9,0.00413071,0.981418,0.175035,-0.0627664,0.211304,0.119278,0.303517,0.193263,0.0146331,0.0186038,0.195025,0.151319,-0.04803,0.0843821,0.0642502,0.00198929,0.157959,0.0806864,0.139177,0.141501,-0.00871724,0.0463779,0.0441529,-0.0173262,0.0392074,0.00954402,-0.0754725,-0.00041426,-0.0181945,0.202144,0.0827533,0.0143352,0.123902,0.0537424,0.0412802,-34507.8
-34197.8,0.712052,0.462414,3,7,0,34213.8,0.00137977,0.978504,0.174767,-0.0816211,0.243485,0.106662,0.268294,0.180102,0.0208382,0.0474397,0.234969,0.11483,-0.0543587,0.100957,0.076585,-0.0058505,0.181693,0.0757498,0.149132,0.140788,0.00150485,0.0522929,0.0754939,-0.0453961,0.0356307,0.0178433,-0.0920546,-0.0013927,-0.042792,0.0826088,0.0967678,0.00325648,0.0820291,0.087707,0.0497169,-34542.4
-34198.3,0.76268,0.462414,3,7,0,34227.9,0.000271124,0.979115,0.17307,-0.0888487,0.236465,0.124873,0.284888,0.158252,0.0114864,0.0482556,0.224522,0.144813,-0.0278656,0.0865389,0.0603092,-0.00935469,0.196346,0.0883767,0.110761,0.155217,-0.0287216,0.0218795,0.0334737,-0.00662563,0.0446091,0.00989636,-0.0726535,0.00914532,-0.00451338,0.180512,0.0519852,-0.017475,0.117942,0.0610414,0.0591263,-34541.2
-34195.7,0.747551,0.462414,3,7,0,34226.4,0.00652199,0.978746,0.187003,-0.0390336,0.238091,0.0969028,0.291754,0.195811,0.0238401,0.00645862,0.201028,0.145831,-0.0666568,0.0938181,0.0831565,-0.0324,0.152334,0.0560054,0.158583,0.149787,0.00154376,0.0728614,0.0754656,0.0222533,0.0424691,0.00549691,-0.0777446,-0.0103547,-0.0329032,0.0446112,0.12337,0.0213036,0.148141,0.130323,0.0390349,-34527.4
-34188.6,0.989462,0.462414,3,7,0,34215.4,0.00650832,0.97512,0.165131,-0.0653704,0.247075,0.130179,0.281675,0.179758,0.0433083,0.0236716,0.227495,0.146788,-0.0512401,0.0767951,0.0746588,-0.00829355,0.162331,0.0717912,0.149566,0.145742,-0.0377341,0.0506339,0.0835757,0.0179005,0.0295018,0.0147033,-0.0873856,-0.00138878,-0.00156174,0.10734,0.125948,0.0122969,0.141467,0.100579,0.0634018,-34563.1
-34185.9,0.993253,0.462414,3,7,0,34202,0.0041271,0.98221,0.185127,-0.0756559,0.228978,0.0951369,0.283811,0.170844,0.00591166,0.0349006,0.187241,0.163389,-0.0526987,0.108464,0.0536807,-0.012536,0.171099,0.0829305,0.148966,0.145913,-0.00975904,0.0653623,0.0525018,-0.00613446,0.0390962,0.0176552,-0.0837762,-0.0239236,-0.0204736,0.140768,0.0654402,-0.00631864,0.0888166,0.0821785,0.0434389,-34501.4
-34181.7,0.934366,0.462414,3,7,0,34200.2,0.00455947,0.976497,0.17199,-0.05889,0.228971,0.109367,0.307099,0.186831,0.0140801,0.0435102,0.202364,0.134879,-0.0625127,0.0916416,0.100567,-0.00887659,0.160817,0.0787403,0.147548,0.157862,-0.0179271,0.0471372,0.056622,-0.00089148,0.0250087,-0.00499051,-0.0760133,0.00253153,-0.00301056,0.120242,0.100282,0.00801685,0.150623,0.0740452,0.0547912,-34545.5
-34183.3,0.963313,0.462414,3,7,0,34196.2,0.000592673,0.980684,0.198946,-0.0635957,0.225607,0.108874,0.295192,0.183827,0.00551967,0.0199183,0.215535,0.15039,-0.0326103,0.104865,0.0529853,-0.00577181,0.166938,0.0797399,0.140653,0.151058,-0.015271,0.0418358,0.0473933,-0.0240108,0.0196222,0.0143481,-0.0991236,-0.0134613,-0.0255542,0.135978,0.116962,-0.00802818,0.101832,0.10285,0.0382933,-34539.7
-34189.4,0.868408,0.462414,3,7,0,34201.2,0.00596384,0.979073,0.162202,-0.0657992,0.256941,0.120649,0.274834,0.178803,0.0302475,0.0329166,0.207946,0.12857,-0.0845221,0.0703798,0.0826194,0.00478293,0.163491,0.0672789,0.142362,0.137056,-0.00919202,0.0654312,0.0689561,0.0200967,0.0409867,0.0116291,-0.0492827,0.00416979,0.00882958,0.125686,0.0957538,0.00879829,0.167611,0.0844973,0.0553502,-34519.3
-34187.7,0.97187,0.462414,3,7,0,34208.8,0.0061214,0.975814,0.199494,-0.0643512,0.217598,0.11117,0.302226,0.181375,0.00293628,0.0263926,0.213346,0.149509,-0.0349702,0.108263,0.0522987,-0.0089668,0.174482,0.082076,0.146161,0.149671,-0.0110519,0.0283453,0.0469968,-0.0241075,0.0315987,0.0204913,-0.0965409,-0.00580077,-0.0258139,0.166986,0.0876541,-0.030194,0.0989327,0.078216,0.0732171,-34559.9
-34191.9,0.811962,0.462414,3,7,0,34208.1,0.00377286,0.977862,0.198003,-0.0707733,0.22564,0.119474,0.296841,0.187854,0.00102333,0.0215392,0.211733,0.14629,-0.0335443,0.116042,0.0559698,-0.00393387,0.181152,0.0856924,0.152504,0.153062,-0.00509323,0.0312584,0.0528467,-0.0220515,0.0374792,0.0204763,-0.0956576,-1.76629e-05,-0.0342086,0.173639,0.0930191,-0.0532656,0.0874413,0.0752836,0.0520717,-34574.2
-34188.4,1,0.462414,3,7,0,34210.4,0.00620842,0.979512,0.184991,-0.0571544,0.231424,0.126027,0.29089,0.18079,0.00783202,0.0488182,0.192416,0.106294,-0.0534306,0.101825,0.0655231,-0.0195015,0.174028,0.0715981,0.13339,0.164622,-0.0298411,0.0451535,0.034615,0.0171705,0.0379586,0.0134651,-0.0746411,-0.0180623,-0.0230155,0.100604,0.0869197,0.0210917,0.14182,0.0723316,0.0478458,-34506.1
-34184.1,0.892435,0.462414,3,7,0,34204.7,0.000117255,0.981139,0.18728,-0.0642555,0.229081,0.0969339,0.277794,0.186595,0.0202638,0.0323675,0.21186,0.153059,-0.0544224,0.0873744,0.0597769,-0.017492,0.154099,0.0764531,0.136662,0.133635,-0.00326675,0.0355832,0.0764777,0.0341581,0.0312198,0.00815318,-0.0648315,0.0104645,-0.0091332,0.10643,0.0909507,0.00221878,0.106724,0.0822532,0.0339562,-34496.5
-34187.2,0.906727,0.462414,3,7,0,34205.1,0.00201337,0.979129,0.200326,-0.064022,0.231488,0.104283,0.300392,0.176177,0.0187336,0.0319613,0.232442,0.139942,-0.0446273,0.092239,0.073526,-0.0175493,0.163941,0.0774425,0.142156,0.123996,0.00127784,0.0637034,0.0535902,0.021178,0.0400166,0.00665018,-0.0463575,0.0219273,-0.00685195,0.0908962,0.113332,0.0213917,0.115698,0.0687842,0.0314001,-34552.6
-34180.5,1,0.462414,3,7,0,34198.9,0.00675877,0.978723,0.166024,-0.061296,0.227547,0.111319,0.274946,0.177313,0.0133619,0.0226902,0.201564,0.11771,-0.0537992,0.0974225,0.0771888,0.00357608,0.163889,0.0877503,0.145844,0.142165,-0.0198149,0.0470539,0.0678908,-0.0044383,0.026371,0.01087,-0.0937377,0.0195339,-0.00108123,0.180429,0.0622283,0.0143957,0.125773,0.0702827,0.0592087,-34486.1
-34181.4,0.728379,0.462414,3,7,0,34198.3,6.26928e-05,0.978786,0.188693,-0.0619055,0.245161,0.128273,0.301015,0.191844,0.0320677,0.0317446,0.205785,0.160831,-0.0508127,0.0760222,0.0541961,-0.0124851,0.173552,0.0605485,0.136902,0.156601,-0.00828762,0.0507708,0.0558771,0.0122892,0.0373671,0.00991368,-0.0560399,-0.00223795,-0.0182839,0.150684,0.108291,0.00491253,0.174839,0.0867606,0.0296655,-34566.3
-34191.4,0.692944,0.462414,3,7,0,34203.2,0.00613573,0.977267,0.196962,-0.0533663,0.237001,0.0907525,0.299054,0.163467,0.0139358,0.00677267,0.215229,0.141608,-0.0693027,0.0920045,0.0547657,-0.0182351,0.179012,0.051209,0.152777,0.150917,-0.0106142,0.0669251,0.0452384,-0.0044313,0.03505,-0.00120679,-0.0444249,-0.011046,-0.022606,0.196172,0.155107,0.00774991,0.155468,0.114492,0.0352976,-34532.6
-34194.3,0.848409,0.462414,3,7,0,34214.7,0.000669012,0.981523,0.163521,-0.064487,0.229415,0.141623,0.273878,0.191975,0.0299832,0.0381169,0.209898,0.125219,-0.0544324,0.0951147,0.082465,-0.00922419,0.173846,0.0924846,0.139362,0.139435,-0.0180916,0.0420494,0.0788254,-0.0104774,0.0431774,0.018843,-0.110474,0.00844489,0.00199532,0.12816,0.00140152,-0.000112662,0.137936,0.0920369,0.0616942,-34533.2
-34181.2,0.99334,0.462414,3,7,0,34211,0.00379908,0.976839,0.161191,-0.0575065,0.237245,0.11781,0.276935,0.203682,0.0186118,0.0520233,0.206154,0.123926,-0.054255,0.073633,0.061387,-0.0158761,0.183592,0.0824666,0.141741,0.152403,-0.015329,0.0536074,0.0605018,0.00424182,0.0362114,0.0107226,-0.081448,0.00335507,-0.0123681,0.16707,0.0801965,0.00476742,0.0895883,0.0755117,0.0611569,-34513.9
-34182,1,0.462414,3,7,0,34191.2,0.00374715,0.980727,0.20283,-0.0625371,0.257368,0.109541,0.283425,0.167432,0.0146379,0.0225026,0.210954,0.153554,-0.0456297,0.102594,0.0693507,0.00983225,0.148369,0.0779197,0.144631,0.144457,-0.0225948,0.0370911,0.0531909,-0.00890232,0.0276673,-0.000218154,-0.0891695,0.0123184,-0.014087,0.104015,0.0968762,-0.0102929,0.141571,0.0745455,0.06506,-34541.7
-34182.7,0.603523,0.462414,3,7,0,34203.6,0.00832599,0.978534,0.198251,-0.0670056,0.239204,0.103588,0.28235,0.177375,0.0195712,0.0171491,0.222558,0.128362,-0.0701717,0.0815361,0.0754158,-0.00525151,0.176706,0.0807797,0.130231,0.146526,-8.13174e-05,0.0699335,0.0583627,-0.00545605,0.0121509,0.0216162,-0.0855361,-0.0149781,-0.0113862,0.138155,0.156477,-0.00438295,0.121614,0.124578,0.038522,-34537.6
-34182.9,0.839742,0.462414,3,7,0,34199,0.00041671,0.981411,0.166439,-0.0597524,0.232438,0.123146,0.29206,0.182707,0.0164563,0.0333512,0.193338,0.149171,-0.0513165,0.104296,0.0600746,-0.0123505,0.166794,0.0644546,0.161828,0.1463,-0.0210625,0.039132,0.0540967,0.00170671,0.0507916,-0.00126905,-0.0635577,0.016219,-0.00805446,0.120951,0.0985533,0.0393684,0.119139,0.10371,0.051575,-34515.6
-34185,0.861732,0.462414,3,7,0,34199.6,0.0032485,0.975617,0.177979,-0.0653017,0.249444,0.1155,0.290632,0.190774,0.021784,0.0199647,0.220666,0.142948,-0.0429829,0.0570777,0.0836995,-0.0141168,0.167036,0.0798244,0.128897,0.156638,-0.0219004,0.0393988,0.0537802,-0.0220529,0.0250951,0.0293319,-0.0883306,-0.00330181,-0.00604205,0.143844,0.0903198,-0.0206127,0.209311,0.0570021,0.0424844,-34552.9
-34186.5,0.953137,0.462414,3,7,0,34202.2,0.000148099,0.98232,0.171635,-0.0762288,0.23203,0.125555,0.286648,0.18553,0.0139787,0.0305403,0.208686,0.143609,-0.0644833,0.100937,0.0369566,0.00979082,0.177002,0.0506801,0.154813,0.14773,-0.0231748,0.0515538,0.0649888,-0.00129031,0.0310379,0.00469912,-0.0594976,-0.0055345,-0.0246116,0.183661,0.0720155,-0.017939,0.136969,0.0956412,0.0728028,-34527.4
-34184.8,0.861497,0.462414,3,7,0,34207.7,0.00505333,0.979899,0.184562,-0.0483686,0.2453,0.103873,0.287061,0.17677,0.017636,0.0278283,0.206855,0.134843,-0.0416201,0.0802674,0.0934414,-0.0151554,0.162919,0.0991,0.135693,0.14046,0.00265913,0.0511566,0.0527589,-0.00343245,0.0354262,0.0246282,-0.0912825,-0.00582682,0.00453807,-0.00945932,0.0982239,0.00294656,0.1983,0.0557424,0.0432409,-34519
-34190.4,0.794328,0.462414,3,7,0,34205.8,0.00288512,0.977746,0.176125,-0.0906229,0.240755,0.126582,0.292315,0.186721,0.0251935,0.0530838,0.222802,0.120516,-0.055994,0.099313,0.0549188,0.00466021,0.168467,0.0529014,0.154156,0.140747,-0.000331119,0.0409703,0.0648827,-0.00152363,0.0283645,0.0226945,-0.0730752,-0.00972341,-0.00384272,0.208939,0.073485,0.0245403,0.0957746,0.0860017,0.0845956,-34562.5
-34185.3,0.986913,0.462414,3,7,0,34205.8,0.00429927,0.980047,0.185807,-0.0448178,0.238516,0.112239,0.293985,0.193262,0.00328584,0.0194098,0.193471,0.14512,-0.0381411,0.0933837,0.0738736,-0.00040314,0.184274,0.0684489,0.134241,0.15198,-0.0146869,0.0444581,0.038605,0.00344421,0.0124709,-0.0206415,-0.0772773,-0.00526425,-0.00635853,0.0506077,0.112533,0.00652098,0.147006,0.0786418,0.0299041,-34517
-34182.4,1,0.462414,3,7,0,34198.1,0.00169216,0.978368,0.179038,-0.0825298,0.23814,0.119249,0.280116,0.171449,0.0334033,0.040289,0.216898,0.134715,-0.0610681,0.0866929,0.0610136,-0.00761307,0.148829,0.0811626,0.148735,0.139639,-0.0132667,0.0485313,0.0730169,-0.0147984,0.0454139,0.0415825,-0.0731702,-0.0108074,-0.0166727,0.146827,0.0557325,0.00930198,0.137319,0.0865006,0.0606669,-34530.9
-34181.7,0.809335,0.462414,3,7,0,34201.3,0.00696712,0.978605,0.192145,-0.055929,0.222847,0.107195,0.296478,0.173867,0.0158923,0.0409635,0.188192,0.136781,-0.05827,0.0911278,0.0859173,-0.012829,0.177898,0.070278,0.138154,0.124698,-0.00542992,0.0529453,0.0572681,-0.0036163,0.0303319,-0.00527193,-0.0859783,0.00167519,0.00716639,0.123127,0.113671,-0.00212747,0.11473,0.0646601,0.0399209,-34503.3
-34183.6,0.782655,0.462414,3,7,0,34200.5,0.00263197,0.975927,0.168335,-0.0734697,0.242017,0.13149,0.27774,0.183486,0.0214304,0.0261215,0.230265,0.138832,-0.0594526,0.0730908,0.0610769,0.000890387,0.156446,0.0774313,0.156041,0.16398,-0.02454,0.0472847,0.0548587,0.00130885,0.0343213,0.0363782,-0.0744153,-0.00720764,-0.0264268,0.138593,0.0413376,0.0124025,0.130282,0.121186,0.044796,-34556.9
-34180.2,0.984476,0.462414,3,7,0,34193.1,0.0018285,0.983349,0.189373,-0.0634425,0.241608,0.112977,0.277162,0.18043,0.0102294,0.0389955,0.214583,0.138409,-0.0640334,0.0987626,0.0538681,0.00121408,0.15599,0.0772079,0.152535,0.132882,-0.00837302,0.0583715,0.0482291,0.00878356,0.0214887,0.00725981,-0.0667821,-0.00157117,-0.0141427,0.0740996,0.0131499,0.020245,0.126052,0.106614,0.042478,-34507.7
-34182.7,0.87998,0.462414,3,7,0,34195.4,0.00542425,0.973288,0.173352,-0.0725147,0.220251,0.123262,0.287635,0.179235,0.0255316,0.0113039,0.214778,0.137201,-0.0459492,0.0862364,0.082386,-0.0119594,0.188624,0.0731786,0.141615,0.140993,-0.0151597,0.0489555,0.0619701,-0.0092603,0.0330684,0.0097778,-0.0840803,-0.0116786,0.00232234,0.181243,0.139182,0.0138762,0.125246,0.0648944,0.0539535,-34542.8
-34182.4,0.982332,0.462414,3,7,0,34197,0.00188827,0.974964,0.180552,-0.0834982,0.215046,0.116438,0.295231,0.188184,0.0210207,0.00527958,0.19691,0.128237,-0.0463695,0.082263,0.0706926,-0.00907051,0.175884,0.0767107,0.144971,0.147977,-0.0119045,0.0529885,0.056977,-0.00267456,0.0479141,0.00541272,-0.0926105,-0.00882421,-0.00713809,0.0987602,0.0696064,0.00857783,0.0869662,0.079348,0.0412131,-34528
-34182.3,0.869283,0.462414,3,7,0,34199.6,0.00611006,0.979296,0.18886,-0.0818736,0.213824,0.113115,0.296297,0.197538,0.0170458,0.0127509,0.188692,0.126594,-0.044811,0.0747457,0.0752481,-0.00198003,0.179986,0.0828707,0.144754,0.14988,-0.00602995,0.0519466,0.0616122,-0.00241608,0.0436696,0.00806067,-0.0837957,-0.00100552,-0.0101628,0.109813,0.0834354,0.0201219,0.091429,0.074152,0.0466795,-34519.3
-34181.8,0.866419,0.462414,3,7,0,34197.2,0.00145562,0.979744,0.187259,-0.0663453,0.252163,0.114173,0.280386,0.18565,0.00649297,0.0340886,0.229829,0.162464,-0.0407824,0.0873717,0.065545,-0.0114597,0.158711,0.0893463,0.153097,0.14538,-0.0203281,0.0586033,0.0676509,0.010785,0.0194565,0.00741205,-0.0827518,0.00501777,0.00405976,0.174005,0.0987477,0.0094474,0.159253,0.0705193,0.0455398,-34566.1
-34177.5,0.932474,0.462414,3,7,0,34196.6,0.00308309,0.979213,0.176673,-0.0681617,0.215737,0.116064,0.280351,0.17922,0.0265497,0.0169834,0.191933,0.122388,-0.061683,0.09825,0.075558,0.00272371,0.171152,0.0666097,0.135083,0.144413,-0.00860237,0.0435485,0.0482586,-0.00935581,0.0264448,0.0214897,-0.0739013,-0.0111226,-0.0167093,0.0957364,0.0738186,0.00486754,0.10385,0.0748907,0.040705,-34477.4
-34180.2,0.754713,0.462414,3,7,0,34192.6,0.00393869,0.979712,0.188906,-0.0729106,0.254135,0.122274,0.287773,0.17098,0.00951287,0.0332043,0.224462,0.155925,-0.0323687,0.092509,0.0508277,-0.00880916,0.154993,0.0741247,0.1505,0.141301,-0.0184228,0.0570198,0.053971,0.00349445,0.0371437,0.00222044,-0.0706651,0.000623248,0.00634838,0.172642,0.088339,0.00552988,0.14855,0.0669302,0.0457676,-34558.5
-34180.6,0.870975,0.462414,3,7,0,34194.9,-0.00140755,0.981019,0.177005,-0.050014,0.230141,0.105902,0.289114,0.190214,0.024144,0.0191897,0.199572,0.12472,-0.0779031,0.0828169,0.0827574,-0.00382926,0.186229,0.0788669,0.135665,0.15267,-0.00879865,0.0415786,0.0544087,-0.00982119,0.0317443,0.0130206,-0.0799396,-0.011251,-0.0237396,0.130905,0.0813917,0.00324881,0.132357,0.0975491,0.046884,-34508.9
-34186,0.82496,0.462414,3,7,0,34200.6,0.00343332,0.977094,0.178589,-0.0531982,0.241679,0.129029,0.284395,0.180784,0.0203011,0.0317019,0.231453,0.142824,-0.0430789,0.0941069,0.0628703,0.00470035,0.148249,0.0638097,0.127987,0.132335,-0.030756,0.05542,0.0554274,-0.0412499,0.0141879,0.00290155,-0.0858327,-0.00184006,-0.00873577,0.139474,0.0772548,-0.0212697,0.0846079,0.0606031,0.0452687,-34537.5
-34180.5,0.974591,0.462414,3,7,0,34196.5,0.00346637,0.979915,0.180689,-0.0628323,0.236867,0.102467,0.286201,0.177299,0.0139461,0.0226522,0.19163,0.134202,-0.0587432,0.0753202,0.0645387,-0.0113903,0.180831,0.0833827,0.159795,0.151587,0.00507101,0.0496124,0.0666726,0.028965,0.0387828,0.023252,-0.0764862,-0.0034627,-0.0116656,0.140583,0.0866019,0.0302935,0.157648,0.0776883,0.0566794,-34508.3
-34179.5,0.761612,0.462414,3,7,0,34197.6,0.00425081,0.978524,0.170582,-0.0674929,0.228209,0.106979,0.286754,0.168357,0.0273691,0.0311359,0.213482,0.126943,-0.0605943,0.0726445,0.0690245,0.0127102,0.153987,0.0620112,0.156849,0.151369,-0.0135225,0.0637933,0.0648071,-0.0042032,0.0130934,-0.00438665,-0.0779814,-0.000337259,-0.0126796,0.130316,0.0924072,0.00270764,0.0912122,0.0790214,0.0400463,-34498.8
-34184.4,0.676404,0.462414,3,7,0,34201.1,0.00132395,0.980835,0.188949,-0.0682351,0.250793,0.1241,0.282193,0.191881,0.00954291,0.022969,0.208086,0.156748,-0.034166,0.103439,0.066093,-0.0321034,0.186305,0.0873596,0.127949,0.143666,-0.0150107,0.0365562,0.0514561,-0.00013217,0.0487962,0.0213093,-0.0773217,-0.00463051,-0.00662243,0.113293,0.0556722,0.00793657,0.175038,0.115734,0.0483114,-34554.8
-34180.4,0.892448,0.462414,3,7,0,34202.3,0.00207211,0.977664,0.177596,-0.0580902,0.22175,0.105305,0.300074,0.166993,0.0220062,0.0336712,0.212813,0.120622,-0.0655189,0.0756677,0.0737418,0.00253125,0.157493,0.0688811,0.156017,0.146099,-0.00661401,0.0556098,0.0645044,0.000763635,0.0201826,-0.000524862,-0.0808854,-0.00111935,-0.0174845,0.197063,0.10366,0.0109928,0.137285,0.060454,0.0361763,-34509.6
-34189.5,0.46222,0.462414,3,7,0,34205.5,0.00149302,0.979315,0.173877,-0.0666476,0.245614,0.126056,0.282794,0.188761,0.0347862,0.0188547,0.213778,0.15811,-0.056919,0.0945794,0.0791435,-0.0159337,0.169478,0.0610301,0.139428,0.143634,-0.0294447,0.0286209,0.0613162,0.0120439,0.0276796,0.0206976,-0.0532443,-0.0256194,-0.0165838,0.132574,0.110311,-0.0258154,0.218752,0.13751,0.0552382,-34540.9
-34185.1,0.907114,0.462414,3,7,0,34209.4,0.00548443,0.978457,0.18058,-0.0684642,0.246336,0.105302,0.287494,0.159461,0.00357998,0.0355276,0.202288,0.124896,-0.0419875,0.0713707,0.0621412,0.00627203,0.163105,0.0828764,0.153755,0.142316,0.00418605,0.0684584,0.0549141,-0.0115424,0.0271038,0.0120318,-0.0904678,0.00521815,-9.74793e-05,0.151227,0.105881,0.0463909,0.0895183,0.0681024,0.0480987,-34506
-34190.2,0.811864,0.462414,3,7,0,34203.6,0.00109373,0.978607,0.168238,-0.0415826,0.22408,0.12971,0.299673,0.201926,0.0172411,0.0286564,0.220822,0.15107,-0.0643427,0.0934692,0.0689542,-0.00970433,0.166734,0.0748152,0.13523,0.156249,-0.0298861,0.0496928,0.0649385,0.0403529,0.015295,0.0157678,-0.0671166,-0.00412226,-0.0145153,0.130404,0.0668362,-0.00325482,0.209402,0.0814133,0.0767098,-34557.7
-34185.6,1,0.462414,3,7,0,34205.7,0.0032279,0.980303,0.183386,-0.084818,0.24493,0.123153,0.298835,0.181147,0.00397251,0.0435987,0.22163,0.154168,-0.0605058,0.0675723,0.0741957,-0.0167358,0.189667,0.0751921,0.144229,0.125321,-0.028059,0.0483302,0.0683023,0.0133913,0.0427259,0.0119097,-0.0884875,0.000855021,-0.0099846,0.127628,0.07696,0.0182398,0.185909,0.0891844,0.0669617,-34572.7
-34186.4,0.846844,0.462414,3,15,0,34205.3,0.00373295,0.978596,0.182626,-0.041919,0.229383,0.119169,0.280959,0.175056,0.023743,0.0240751,0.20411,0.120156,-0.054612,0.118306,0.061395,-0.0106346,0.166313,0.0843224,0.148824,0.159144,0.00698182,0.0569765,0.0394165,-0.0162564,0.0237184,0.0144388,-0.065447,-0.00917473,-0.00666801,0.141578,0.185099,0.00204551,0.0783611,0.151479,0.027183,-34512
-34190.8,0.579334,0.462414,3,7,0,34210.8,0.00288304,0.978667,0.178425,-0.0837184,0.243843,0.115284,0.28929,0.20331,0.0100343,0.0374406,0.21229,0.153134,-0.0453188,0.0882165,0.0708463,-0.0135837,0.169572,0.0567434,0.134772,0.13612,-0.0324677,0.0365854,0.0488641,0.00211646,0.0543588,0.016505,-0.08881,0.0134244,-0.0150209,0.11234,0.0308399,0.00942389,0.214149,0.0565222,0.0683543,-34547.7
-34187.8,1,0.462414,3,7,0,34203.5,-0.000181713,0.980171,0.187419,-0.0899825,0.25256,0.116761,0.291447,0.204205,0.0141542,0.0372303,0.211101,0.152321,-0.0491325,0.0911891,0.0645497,-0.0129909,0.171822,0.0629869,0.130342,0.137348,-0.0307756,0.0420562,0.0510767,0.00137866,0.0594374,0.00678293,-0.0891383,0.00650099,-0.00745179,0.119388,0.0590154,0.010647,0.184863,0.0646249,0.0733142,-34566.1
-34187.6,0.9997,0.462414,3,7,0,34201,0.00727948,0.979127,0.169152,-0.0439397,0.225,0.108097,0.281927,0.153195,0.0194854,0.000155914,0.194514,0.13922,-0.0450042,0.0927732,0.0687272,-0.00355599,0.168306,0.0902883,0.165096,0.164915,-0.00847988,0.0501184,0.0593617,-0.00207135,0.006956,0.019457,-0.0671357,-0.00362112,-0.0105595,0.115459,0.130705,0.0017709,0.0918662,0.120471,0.0275118,-34483.3
-34189.3,0.816442,0.462414,3,7,0,34206.6,0.00345055,0.981548,0.178542,-0.0748878,0.248149,0.118206,0.267396,0.189445,0.0226374,0.012353,0.202833,0.155861,-0.0853606,0.0977739,0.0823909,0.00803706,0.174179,0.0793588,0.160488,0.151827,0.00605569,0.0399054,0.0417967,-0.00107413,0.0344968,0.0141371,-0.0868907,-0.0142187,-0.0150505,0.124409,0.124433,-7.86812e-05,0.151076,0.061317,0.047815,-34542.5
-34185.2,1,0.462414,3,7,0,34202.6,0.000222854,0.976104,0.187081,-0.0609151,0.22794,0.100992,0.272591,0.175549,0.0149173,0.0235217,0.209513,0.129292,-0.0473353,0.112986,0.0721602,0.00621279,0.16293,0.0836707,0.145418,0.154873,-0.0318965,0.0723941,0.045051,2.52019e-05,0.0176895,0.0177687,-0.0795617,0.0170495,-0.0184967,0.194642,0.0446592,-0.00464583,0.140036,0.112174,0.0403661,-34509.1
-34177.5,0.919115,0.462414,3,7,0,34200.4,-0.000738781,0.980881,0.188248,-0.0611648,0.23984,0.105056,0.282868,0.176048,0.0244726,0.0327068,0.215156,0.138961,-0.0592253,0.0825226,0.0612508,-0.00370534,0.173767,0.0751018,0.128389,0.134113,-0.0186923,0.0656447,0.0588357,0.00545303,0.00928316,0.0226263,-0.0689409,-0.000932378,-0.00524839,0.149164,0.0852361,-0.00341129,0.088736,0.0827586,0.0542349,-34508.1
-34185.2,0.794444,0.462414,3,7,0,34193.6,0.00188289,0.97351,0.183008,-0.0740136,0.243365,0.114499,0.292973,0.181326,0.015878,0.0301958,0.215853,0.126413,-0.0721507,0.0805676,0.0612595,-0.00157599,0.168741,0.0799443,0.139421,0.139331,-0.007721,0.0723545,0.0584556,0.00888676,0.0193323,0.0329633,-0.0576639,0.00361421,0.00830722,0.102347,0.0799346,-0.022836,0.113834,0.106048,0.0637917,-34555.2
-34193.9,0.703591,0.462414,3,7,0,34210.3,0.00732896,0.975767,0.191803,-0.0679629,0.248575,0.130547,0.29304,0.168425,0.029595,0.00237455,0.231429,0.122475,-0.0778842,0.0868037,0.0637434,0.00326082,0.159087,0.0971772,0.1588,0.148839,-0.00277445,0.0775464,0.0687608,-0.00164776,0.0329751,0.0137648,-0.0748744,0.0017936,0.00997574,0.147446,0.0822677,0.00287978,0.138949,0.122673,0.0871158,-34600.6
-34192,0.998066,0.462414,3,7,0,34214,2.88925e-06,0.980056,0.179849,-0.0535623,0.223896,0.11993,0.268332,0.199684,0.0103058,0.0448878,0.178218,0.140284,-0.0498934,0.0810131,0.0617295,-0.0166692,0.170461,0.06069,0.124231,0.149343,-0.00984726,0.0419232,0.0698961,0.00343079,0.0356096,0.0269799,-0.0833945,0.011229,-0.0266266,0.189382,0.0609233,0.037458,0.156934,0.0616187,0.0366592,-34466.7
-34190.7,1,0.462414,3,7,0,34210.3,0.00735561,0.977997,0.179,-0.073298,0.228887,0.108679,0.283742,0.164016,0.00734797,0.00865887,0.21477,0.150045,-0.0482344,0.0725334,0.0616122,0.0159181,0.156589,0.0843436,0.151799,0.167033,-0.00298636,0.0299088,0.0708614,-0.00666256,0.0181524,0.00803146,-0.0621591,-0.00941666,-0.0117342,0.0345782,0.0928131,-0.00671101,0.10893,0.100374,0.0837227,-34522.4
-34188.3,0.988158,0.462414,3,7,0,34210.3,0.00599087,0.979126,0.179988,-0.0562608,0.238744,0.12096,0.29339,0.19999,0.0288487,0.0436546,0.207326,0.124202,-0.0628912,0.0963295,0.0713624,-0.0165377,0.18103,0.0649576,0.129687,0.133478,-0.0246635,0.0711275,0.0497975,0.00560344,0.0559079,0.0220756,-0.0958558,0.00385244,-0.0056154,0.234258,0.0900782,0.0272797,0.191641,0.06979,0.064136,-34544.7
-34183.9,1,0.462414,3,7,0,34198.8,0.0012987,0.978624,0.17596,-0.0749202,0.231526,0.115366,0.282758,0.166363,0.0124407,0.0240663,0.212768,0.162098,-0.0579052,0.0782734,0.0591764,-0.0047919,0.169336,0.0904252,0.142211,0.149075,0.00399833,0.0536102,0.0832046,-0.00993881,0.0143478,0.00286681,-0.0591623,-0.0104889,-0.00626928,0.0730117,0.0703406,0.00347349,0.096165,0.0953423,0.0372829,-34530.5
-34182.8,0.891529,0.462414,3,7,0,34197,0.00655785,0.980484,0.164,-0.0769602,0.230833,0.121482,0.289876,0.162867,0.0186343,0.0159383,0.203961,0.136787,-0.053437,0.0822227,0.0668318,-0.0128619,0.179576,0.0785204,0.151257,0.156695,-0.0121999,0.0483336,0.0480331,-0.00630332,0.0420954,-0.00348535,-0.0875766,-0.004543,-0.0242676,0.182191,0.054497,0.0309589,0.187568,0.139155,0.0568219,-34511
-34191.6,0.820763,0.462414,3,7,0,34204.4,0.00456444,0.976215,0.163481,-0.0736159,0.245527,0.112998,0.306127,0.14654,0.0222031,0.0328807,0.204626,0.154015,-0.045859,0.0818718,0.0647122,-0.0218714,0.176282,0.0822764,0.164621,0.120221,-0.00559584,0.0312592,0.0795327,-0.00828438,0.0277556,-0.00880228,-0.0730102,-0.00782258,0.00670534,0.195353,0.114915,-5.67837e-05,0.142623,0.10676,0.0522414,-34536.8
-34192.1,0.969946,0.462414,3,7,0,34211.7,0.00437619,0.980232,0.177085,-0.0472253,0.234099,0.109583,0.294458,0.172262,0.0204085,0.0251203,0.198909,0.14572,-0.0521436,0.0789403,0.0599558,-0.0177365,0.178821,0.0761624,0.158833,0.125316,-0.00954406,0.0738501,0.0918452,0.00924966,0.0475154,0.0163224,-0.0758253,-0.0201798,0.00613752,0.203183,0.138191,0.0240798,0.313857,0.165864,0.056153,-34520.5
-34185.8,0.980402,0.462414,3,7,0,34208.8,-0.000275938,0.977616,0.181516,-0.0663761,0.242383,0.110159,0.297,0.163612,0.0111287,0.0388322,0.210413,0.132042,-0.0643691,0.10145,0.0622815,-0.00919028,0.162527,0.0731818,0.147262,0.171719,-0.0120132,0.0391993,0.0561201,-0.00856882,0.0138885,-0.00529935,-0.0865566,-0.00298985,-0.0100689,0.073942,0.0591117,-0.0231996,0.29676,0.0733318,0.0446164,-34544.4
-34181,0.934438,0.462414,3,7,0,34200.1,0.00754888,0.979679,0.19006,-0.0612328,0.227769,0.116933,0.281556,0.195093,0.00962753,0.0267847,0.205384,0.14598,-0.0368213,0.0855364,0.0690275,0.000381686,0.171544,0.0932494,0.137783,0.132165,-0.00687351,0.0498705,0.054599,0.00597243,0.0391264,0.0262214,-0.0882317,0.0060686,-0.0206342,0.0668678,0.120922,0.0248702,0.136024,0.0826378,0.0629457,-34520.9
-34180.9,0.825067,0.462414,3,7,0,34197.3,0.00152325,0.977427,0.174236,-0.0656866,0.23077,0.115687,0.29474,0.181618,0.0189038,0.0151022,0.214753,0.14153,-0.0696268,0.0773423,0.073145,0.0132552,0.171473,0.0963859,0.151444,0.13899,0.000303299,0.0506671,0.0584701,0.00154334,0.0167872,0.0151013,-0.0831288,0.00431012,-0.0217564,0.104658,0.0780802,0.02743,0.0967993,0.0633991,0.0733059,-34543.6
-34185.3,0.794654,0.462414,3,7,0,34199.8,0.00580146,0.977431,0.191371,-0.0633369,0.242199,0.113341,0.272232,0.181448,0.0186403,0.0373148,0.20079,0.135088,-0.0393182,0.104499,0.0667388,-0.0270539,0.160656,0.046316,0.134245,0.152187,-0.0248579,0.0613647,0.0693028,-0.0123274,0.0457937,0.0116931,-0.0643672,-0.00121322,0.00694882,0.15499,0.0998809,0.0197059,0.147504,0.114624,0.0433015,-34512.6
-34190.1,0.881492,0.462414,3,7,0,34205.4,0.000630021,0.980559,0.186303,-0.0593757,0.251634,0.110182,0.284276,0.186755,0.0148933,0.0152424,0.204886,0.149343,-0.0718638,0.0544131,0.0738276,0.0244872,0.172341,0.0947582,0.144993,0.153316,-0.00563401,0.0390996,0.0474631,0.0279268,0.0154156,0.00539895,-0.0798013,0.00347966,-0.0307844,0.125575,0.0654391,-0.00531454,0.100299,0.059193,0.037033,-34533.1
-34182.3,0.573883,0.462414,3,7,0,34215.9,0.00667077,0.978726,0.17343,-0.0692912,0.248431,0.123051,0.290274,0.195652,0.020341,0.0307741,0.194518,0.145712,-0.0481703,0.0663836,0.0691386,-0.00088361,0.170051,0.0666362,0.14397,0.140542,-0.0197113,0.0626776,0.0642281,-0.000416417,0.0215232,0.00249552,-0.0790758,-0.00131016,-0.0134159,0.143621,0.0703809,-0.020695,0.0763559,0.170416,0.0476213,-34523.2
-34185.2,0.917974,0.462414,3,7,0,34196.9,-0.000273104,0.979214,0.184052,-0.0538781,0.227613,0.120876,0.274721,0.202915,0.022384,0.0227498,0.213821,0.130878,-0.0703227,0.105932,0.0600229,-0.0149866,0.164402,0.0774448,0.141452,0.149625,-0.020242,0.0498607,0.0647751,-0.0241506,0.0398354,-0.00102924,-0.0618291,-0.00103515,0.00152415,0.148964,0.0756562,0.0121346,0.197773,0.0467665,0.048468,-34528.6
-34182.7,1,0.462414,3,7,0,34199,0.00231136,0.979214,0.180978,-0.0577031,0.228815,0.132433,0.282833,0.178932,0.0260428,0.0410862,0.220029,0.124544,-0.0565917,0.0844422,0.0625322,0.00182602,0.156485,0.064071,0.128938,0.14443,-0.0175991,0.0503624,0.0648057,-0.0220338,0.0323498,-0.00220378,-0.0490326,0.00512814,-0.00402649,0.0733065,0.0678793,-0.00660796,0.179899,0.0667843,0.0345773,-34516.7
-34181.3,1,0.462414,3,7,0,34192.5,0.00610683,0.977206,0.181455,-0.0684673,0.250604,0.096418,0.293992,0.186094,0.00841631,0.012482,0.201155,0.159101,-0.0477567,0.0947956,0.0746527,-0.00264782,0.171735,0.0849672,0.156264,0.139912,-0.01284,0.0473844,0.0465334,0.0130878,0.0272235,0.0304838,-0.100464,-0.0112488,-0.0156581,0.12548,0.107752,0.0101418,0.128944,0.0827786,0.0485721,-34548
-34180.6,0.803565,0.462414,3,7,0,34199.7,0.000739204,0.979578,0.174943,-0.0635004,0.232777,0.137025,0.272399,0.17694,0.0136931,0.0397531,0.208945,0.136914,-0.0508317,0.0900482,0.0675967,0.00787205,0.167974,0.0691838,0.12621,0.167465,-0.0105801,0.0544994,0.0559337,-0.00900114,0.0187937,-0.00234628,-0.0563822,0.00431613,-0.0116054,0.147782,0.110747,-0.00337081,0.123449,0.0835164,0.0518675,-34516.3
-34177.9,0.955232,0.462414,3,7,0,34193.6,0.00642885,0.977433,0.193217,-0.0693209,0.242064,0.100802,0.289063,0.172274,0.0108642,0.020727,0.211444,0.140749,-0.0460411,0.0946406,0.0593868,-0.00477618,0.174978,0.0808419,0.158412,0.125183,-0.00553334,0.0402664,0.0560514,0.0160928,0.0348323,0.016927,-0.0947032,-0.00373593,-0.0087513,0.116645,0.0879855,-0.000800465,0.108673,0.0779939,0.0387235,-34533.8
-34187,0.617616,0.462414,3,7,0,34200,-0.00108137,0.981185,0.180357,-0.0631121,0.242108,0.10796,0.300654,0.165618,0.0130557,0.0433763,0.22012,0.144346,-0.0276004,0.0920295,0.0736883,0.0162215,0.179605,0.0806382,0.158286,0.138653,0.00522889,0.0530752,0.0583219,0.0138007,0.0160509,0.0121801,-0.0840757,-0.0224465,-0.0104175,0.0908263,0.105041,-0.0084003,0.134504,0.0454983,0.0393342,-34552.8
-34191.4,0.93002,0.462414,3,7,0,34200.8,0.0109515,0.976412,0.185474,-0.0613692,0.23337,0.124357,0.262504,0.198218,0.0205409,0.0124772,0.199625,0.132457,-0.083607,0.0875981,0.0548894,-0.0218968,0.155172,0.0718476,0.127139,0.160232,-0.0290975,0.0486332,0.0607674,-0.0197545,0.0354941,0.011171,-0.0661527,0.0167678,-0.008006,0.146084,0.0661203,0.00421671,0.110331,0.129623,0.059414,-34503.1
-34185.6,0.995688,0.462414,3,7,0,34209.3,0.00311217,0.979442,0.198605,-0.0590821,0.244709,0.103499,0.276959,0.174218,0.0243891,0.00942233,0.212714,0.128239,-0.049273,0.102497,0.0629985,0.0172332,0.170292,0.0900515,0.133427,0.165162,-0.0151655,0.0377817,0.037041,-0.0107148,0.0253934,0.0276236,-0.0694579,0.0154589,-0.0222246,0.065108,0.0981832,0.0073327,0.117222,0.0907278,0.0271693,-34528.5
-34183.9,0.946533,0.462414,3,7,0,34200.6,0.00650701,0.980987,0.189597,-0.0596476,0.246157,0.119279,0.280976,0.183604,0.0123653,0.0533445,0.211569,0.159491,-0.0489055,0.103057,0.0852174,-0.00617965,0.160566,0.0853279,0.141791,0.154744,-0.0294093,0.0394398,0.0364829,-0.00545422,0.0348816,0.000661138,-0.0718111,0.0126506,-0.0255012,0.13795,0.12801,-0.00403375,0.118205,0.071396,0.0573007,-34545.5
-34182.2,0.797543,0.462414,3,7,0,34207.7,0.00311948,0.977121,0.168335,-0.0560489,0.253044,0.114767,0.296111,0.182513,0.0205636,0.0442626,0.213122,0.14073,-0.0623453,0.0814062,0.0569385,-0.0178056,0.170333,0.102313,0.148753,0.129591,-0.0226747,0.0535996,0.046288,-0.00659649,0.0447441,0.0270526,-0.0880916,0.0121573,-0.0161398,0.116135,0.0590689,0.00910246,0.096221,0.0822745,0.04102,-34547.2
-34184.2,0.802075,0.462414,3,7,0,34202.6,0.00196029,0.976559,0.187072,-0.057921,0.244722,0.126362,0.285234,0.18864,0.0228953,0.0362435,0.210378,0.124813,-0.0540942,0.0816956,0.0787634,-0.00354098,0.171135,0.0985189,0.142902,0.121324,-0.016032,0.0212288,0.0522348,0.000109255,0.0392617,0.0310897,-0.0718477,-0.0184727,-0.0131719,0.136921,0.0887286,0.0002905,0.110329,0.077631,0.0403048,-34538.2
-34182.6,0.925081,0.462414,3,7,0,34198.9,0.005088,0.980445,0.17703,-0.0621983,0.246539,0.0998181,0.290022,0.172552,0.00946356,0.0223032,0.215885,0.165319,-0.0497175,0.0850336,0.0662071,-0.00590053,0.164517,0.0568021,0.15574,0.169339,-0.0191337,0.0612003,0.0614442,0.00272791,0.0189117,-0.00303383,-0.0725949,-0.002876,-0.0111319,0.0811352,0.101899,0.00201105,0.184729,0.0869564,0.0334422,-34540.1
-34181.4,0.844176,0.462414,3,7,0,34200.5,0.000858136,0.978915,0.17967,-0.0682151,0.2403,0.131144,0.289503,0.19248,0.0252414,0.0295899,0.202743,0.122529,-0.0562667,0.0839715,0.0691352,0.000564031,0.164169,0.0936991,0.132988,0.129897,-0.0112552,0.0372687,0.059036,-0.0104903,0.0350696,0.0299808,-0.0776937,-0.0129445,-0.00486824,0.16227,0.0707699,0.00282125,0.0952217,0.0737064,0.0754664,-34529.5
-34179.2,0.951163,0.462414,3,7,0,34196.6,0.00377703,0.976644,0.180341,-0.0611031,0.23786,0.103215,0.279356,0.170508,0.00578029,0.0234041,0.214138,0.153638,-0.0564558,0.100747,0.0681704,-0.00663669,0.169258,0.0608774,0.152753,0.157921,-0.0248553,0.0560593,0.0579127,-0.000503852,0.0205876,-0.0111311,-0.0749628,0.00109034,-0.0209529,0.126799,0.113416,0.0188615,0.159832,0.0899116,0.0439294,-34525.4
-34184.8,0.903182,0.462414,3,7,0,34194.8,0.00296655,0.979987,0.168304,-0.0738313,0.257732,0.125415,0.28501,0.190299,0.0319248,0.0285601,0.204639,0.141025,-0.0474923,0.0725899,0.0707139,-0.00900537,0.156286,0.0778641,0.126764,0.139326,-0.00569709,0.0524434,0.0550352,-0.00718042,0.0496495,0.0530491,-0.07347,0.00494826,-0.00543184,0.134687,0.0690268,0.00281031,0.0920246,0.0674284,0.0493392,-34531.5
-34181.2,0.909554,0.462414,3,7,0,34200.7,0.00514166,0.978718,0.192097,-0.0654133,0.222203,0.12444,0.296556,0.17481,0.0173152,0.0353801,0.220566,0.158622,-0.0647687,0.096754,0.0579121,-0.0177146,0.160304,0.0614543,0.132715,0.147518,-0.0169856,0.0797413,0.0485319,-0.00869775,0.0200661,0.0163391,-0.0625207,0.00116624,-0.0181159,0.137677,0.0807184,0.0209356,0.12409,0.0785577,0.0419125,-34548.1
-34188.3,0.52384,0.462414,3,7,0,34208.9,-0.00372178,0.981518,0.206024,-0.0577994,0.226488,0.131308,0.29195,0.191791,0.0238064,0.0278889,0.196225,0.147518,-0.0582923,0.09712,0.0473527,-0.0152627,0.160901,0.0574326,0.147009,0.167902,-0.0120692,0.0545125,0.0731209,-0.0117907,0.0482108,0.0187584,-0.080531,0.00911589,-0.0227448,0.157692,0.122035,-0.0113977,0.173739,0.111075,0.042288,-34554.5
-34192.6,0.857939,0.462414,3,7,0,34211.3,0.00803868,0.981944,0.178015,-0.0837521,0.257919,0.128151,0.291657,0.170889,0.0227561,0.0307295,0.216999,0.127819,-0.0602153,0.113238,0.0636097,-0.0142481,0.164078,0.0697827,0.175472,0.161176,-0.0121884,0.0579349,0.0284258,-0.0159542,0.0319575,0.02476,-0.0893032,-0.00592616,-0.015186,0.202502,0.0494611,0.0138793,0.148027,0.0608549,0.0683662,-34569.9
-34183.6,0.999533,0.462414,3,7,0,34210.1,-0.00118857,0.976179,0.187284,-0.0723228,0.233729,0.109362,0.291033,0.18642,0.0336401,0.0151315,0.204841,0.151781,-0.0480537,0.0953064,0.0697564,-0.0102938,0.150386,0.0691846,0.144017,0.140535,-0.00210262,0.0539718,0.0336251,0.00935932,0.0396146,0.0277649,-0.0721852,-0.00368568,0.00183412,0.216549,0.128812,0.021338,0.19278,0.10966,0.0376748,-34532.6
-34185.7,0.750044,0.462414,3,7,0,34206.1,0.00782612,0.98246,0.172786,-0.0504374,0.219782,0.100177,0.271774,0.188219,0.0280195,0.033125,0.217764,0.144861,-0.0581729,0.102439,0.0689957,-0.00558202,0.15755,0.0676949,0.140509,0.127211,-0.0212197,0.0401277,0.0546685,0.0160579,0.0452742,0.00575117,-0.0593258,-0.00967905,-0.0117539,0.0949345,0.0585471,0.00251705,0.15988,0.0495904,0.0525258,-34476.2
-34183.8,1,0.462414,3,7,0,34198.3,-0.0010481,0.97478,0.193645,-0.0740184,0.251589,0.12526,0.309975,0.178271,0.0139967,0.015133,0.207356,0.139031,-0.0460621,0.0766824,0.0740683,0.000613656,0.175496,0.0771182,0.138692,0.147418,-0.00141931,0.0618398,0.066786,-0.00853239,0.00729164,0.0205887,-0.0847023,0.0049457,-7.11295e-05,0.153048,0.119915,0.010912,0.102802,0.123215,0.0463145,-34589.3
-34185.6,0.912393,0.462414,3,7,0,34201.5,0.00571326,0.981758,0.188668,-0.0726787,0.250699,0.108451,0.27721,0.171045,0.0345796,0.0161754,0.214451,0.141176,-0.0641582,0.0962337,0.0746897,0.00739548,0.166396,0.0570312,0.151398,0.145388,0.00756232,0.0646331,0.0567301,-0.00273672,0.0243736,0.0203763,-0.0868126,-0.000479464,0.00398631,0.140157,0.0458144,-0.00366818,0.160514,0.160489,0.0369967,-34536.6
-34188.1,0.966016,0.462414,3,7,0,34203,0.00275151,0.975855,0.173019,-0.082541,0.223153,0.11182,0.295441,0.197042,0.0142349,0.0303821,0.21629,0.123336,-0.0460803,0.0986207,0.0593037,-0.0154689,0.175257,0.0975579,0.172521,0.12742,-0.0279408,0.0562199,0.0569787,-0.00725079,0.0317633,0.0278534,-0.0804595,0.0129722,-0.0115548,0.140292,0.107605,0.0320849,0.104762,0.0663103,0.0664652,-34546.4
-34193.3,0.805723,0.462414,3,7,0,34210.8,0.00436026,0.980333,0.198261,-0.0486309,0.258898,0.113695,0.28382,0.165789,0.0166756,0.00999967,0.213196,0.15933,-0.0675068,0.0733712,0.07841,0.00998622,0.169147,0.0575267,0.131643,0.1391,0.00132591,0.0477174,0.0575704,0.0217732,0.020843,0.00632904,-0.0681263,-0.0328958,0.00791287,0.130109,0.017997,0.0370125,0.164018,0.129911,0.0566051,-34542
-34182.7,0.996431,0.462414,3,7,0,34204.8,-0.00245946,0.980702,0.177558,-0.0604954,0.243244,0.107957,0.291771,0.187124,0.000889105,0.0283654,0.201847,0.139817,-0.0602919,0.0903151,0.0627669,0.00338416,0.176226,0.0647975,0.164017,0.143978,0.00551639,0.0625833,0.0693627,0.00626272,0.0112975,0.0183397,-0.0716357,0.00960008,-0.00561368,0.154935,0.0606114,0.0115687,0.110019,0.139601,0.0531785,-34531
-34184.2,0.881228,0.462414,3,7,0,34199.5,0.00116066,0.973479,0.189325,-0.0598687,0.235785,0.11852,0.287266,0.190249,0.00719692,0.0409863,0.21933,0.132688,-0.0645288,0.0796275,0.0668877,-0.0194765,0.162565,0.0754708,0.166604,0.136156,-0.00790264,0.0669003,0.0674909,-0.0110336,0.0249209,0.0194347,-0.0692066,0.00224611,-0.00307856,0.0972365,0.0293577,0.00721104,0.0825554,0.141957,0.0346553,-34555.8
-34187.3,0.88809,0.462414,3,7,0,34205,0.00541597,0.980043,0.18362,-0.0615666,0.242232,0.121972,0.262883,0.15209,0.0183528,0.00835777,0.207299,0.134145,-0.0780148,0.08379,0.0682093,0.00986842,0.170864,0.093675,0.134782,0.151483,-0.0244506,0.038988,0.061747,0.0235628,0.0248896,0.0284544,-0.0835177,-0.0122129,-0.017367,0.161541,0.0808366,0.00235132,0.130102,0.0918357,0.0377053,-34501.3
-34185.6,0.915358,0.462414,3,7,0,34205.1,0.00425346,0.979379,0.190024,-0.0683409,0.252208,0.12617,0.282268,0.174836,0.0231467,0.0278314,0.230955,0.125178,-0.0458197,0.107207,0.0771497,-0.00497298,0.185487,0.0855088,0.141273,0.123586,-0.0297981,0.0447449,0.0456831,0.00435019,0.0264685,-0.000142405,-0.0883472,-0.0107013,-0.018364,0.152885,0.0961549,0.0125991,0.209929,0.129698,0.0479549,-34556.5
-34183.6,0.959904,0.462414,3,7,0,34200.4,0.00316188,0.978177,0.195919,-0.0751654,0.227264,0.116025,0.27966,0.175665,0.00689464,0.0179596,0.214794,0.136732,-0.0499114,0.0808845,0.0686594,0.00961222,0.173512,0.0626356,0.146002,0.160149,-0.00280982,0.0602708,0.0766887,-0.000596871,0.0211061,-0.0102865,-0.067796,0.0162639,-0.0093733,0.0860339,0.109632,0.0338868,0.109564,0.0546688,0.0669553,-34535.8
-34186.8,0.905756,0.462414,3,7,0,34199.5,0.00324585,0.97915,0.188268,-0.076916,0.220495,0.110545,0.266001,0.17425,0.0198265,0.027365,0.210005,0.127004,-0.0519704,0.105786,0.0608841,-0.0110215,0.171569,0.0752424,0.142103,0.124596,-0.0141437,0.0317503,0.0723673,0.00463366,0.0464466,0.0248886,-0.0834856,-0.00996176,-0.0155827,0.177091,0.0312045,-0.00865301,0.164104,0.117362,0.0301811,-34489.5
-34179.6,0.935513,0.462414,3,7,0,34196.9,0.00371331,0.98177,0.178085,-0.0696579,0.218014,0.120436,0.292296,0.173707,0.0144855,0.0196313,0.213987,0.152139,-0.0534456,0.10125,0.0702526,-0.00210616,0.173119,0.0682987,0.156961,0.150959,-0.00528988,0.0407741,0.0562327,0.000163773,0.0472673,0.0129246,-0.0726333,-0.00758977,0.00461489,0.142109,0.0789956,0.0352299,0.108318,0.0770051,0.0658227,-34541.2
-34179.4,0.832745,0.462414,3,7,0,34193.5,0.00162752,0.978984,0.189214,-0.0556037,0.253954,0.112145,0.283703,0.188033,0.0180978,0.0342212,0.21109,0.128218,-0.0539576,0.0831201,0.0659873,0.00836472,0.165244,0.0892574,0.127789,0.138843,-0.0223764,0.0655321,0.0633067,-0.00561662,0.0248584,0.00954872,-0.0891624,0.00185292,-0.0270996,0.10185,0.0798816,-0.0220968,0.167245,0.101184,0.054774,-34530.5
-34180,0.86643,0.462414,3,7,0,34195.1,-0.00150375,0.97972,0.169042,-0.0701528,0.226118,0.114536,0.291592,0.172997,0.0186054,0.0208461,0.206111,0.151482,-0.0534626,0.102287,0.0652767,-0.015535,0.17038,0.06703,0.163761,0.156889,-0.00482498,0.0379332,0.0574152,0.000307803,0.041604,0.0136943,-0.064515,-0.00762507,0.00878232,0.188537,0.0978053,0.00951036,0.109587,0.0626297,0.0328083,-34532.3
-34178.6,0.969268,0.462414,3,7,0,34191.9,-0.000456655,0.978488,0.171848,-0.0642266,0.223216,0.10399,0.295002,0.168878,0.0178374,0.0279948,0.20419,0.151716,-0.0505863,0.105152,0.0670087,-0.0116113,0.172245,0.0713179,0.160264,0.147432,-0.00566249,0.0494165,0.0572833,-0.00161135,0.0411743,0.0132865,-0.0735784,-0.0135842,0.00858038,0.186698,0.108498,0.0149025,0.129643,0.064135,0.0312627,-34526.6
-34184.8,0.684554,0.462414,3,7,0,34197,-0.000930366,0.978601,0.190687,-0.0614441,0.222435,0.105748,0.293504,0.167015,0.00488929,0.0321736,0.192525,0.148748,-0.0532614,0.0875152,0.0731179,0.0105371,0.158073,0.0763995,0.161986,0.155071,0.00325705,0.060286,0.042762,-0.00144445,0.0311542,0.0211779,-0.0735099,-0.00872395,0.0112897,0.0767136,0.117259,0.0186011,0.161136,0.0915269,0.0411107,-34521
-34187.7,0.849276,0.462414,3,7,0,34207.4,0.00576226,0.979954,0.173226,-0.0424409,0.242256,0.124241,0.282152,0.18596,0.0117887,0.0328501,0.211638,0.134138,-0.0728471,0.0984262,0.0533596,-0.00799873,0.156231,0.0553145,0.139626,0.152308,-0.0148854,0.0501309,0.0877899,0.0170273,0.00555784,0.0338561,-0.0671155,0.0117865,-0.0196795,0.146484,0.0885465,0.0113435,0.09564,0.0865326,0.0373734,-34520.3
-34182.6,0.992905,0.462414,3,7,0,34201.4,0.00286293,0.97885,0.186229,-0.0813403,0.242812,0.112936,0.282949,0.168612,0.0257649,0.0173292,0.210882,0.145709,-0.0383785,0.0935608,0.0825901,-0.0170648,0.177576,0.0909237,0.145564,0.141405,-0.0095433,0.0576651,0.0420608,-0.0199389,0.0410018,-0.0126771,-0.0947106,-0.0209884,0.00209124,0.135395,0.0913667,0.00502985,0.147202,0.0776432,0.0448889,-34540.7
-34179.9,0.957381,0.462414,3,7,0,34194.6,0.00315258,0.975715,0.177484,-0.0440815,0.229498,0.114133,0.28789,0.189522,0.00291838,0.0342437,0.211609,0.131177,-0.0663465,0.0879956,0.054551,0.00342565,0.166896,0.074585,0.14414,0.143152,-0.0156402,0.043403,0.0751901,0.0156557,0.0154752,0.0306405,-0.070256,0.00833512,-0.02097,0.141777,0.0881755,-0.00141847,0.103365,0.0765578,0.0456196,-34522.3
-34179.9,0.949032,0.462414,3,7,0,34192.6,0.0033748,0.980366,0.183688,-0.0736583,0.251535,0.117837,0.282494,0.179047,0.0387068,0.0210661,0.227218,0.148507,-0.0422683,0.0843442,0.0839419,-0.00139788,0.167326,0.0671892,0.147411,0.137953,-0.00775765,0.0559806,0.0402609,-0.00374034,0.0357208,0.00345073,-0.0685235,-0.0240728,-0.000860137,0.135773,0.0978884,0.00434148,0.136955,0.0861957,0.0344127,-34550.1
-34178.3,0.73805,0.462414,3,7,0,34197.5,0.00608972,0.97709,0.196051,-0.0575934,0.23331,0.109452,0.298227,0.186079,0.0141225,0.0318562,0.19987,0.14218,-0.0612962,0.0930174,0.0736393,-0.00820662,0.168018,0.084587,0.142889,0.16358,-0.00554137,0.0501427,0.0384166,-0.0153896,0.00956015,0.0193755,-0.0804996,0.00766729,-0.00591464,0.147668,0.0753298,-0.00468495,0.0957715,0.089945,0.0437194,-34546.9
-34184.3,0.557419,0.462414,3,7,0,34204.6,0.00760424,0.981223,0.168578,-0.0616628,0.246318,0.110055,0.27739,0.177054,0.0236067,0.0199102,0.21693,0.136372,-0.0299074,0.0919101,0.0540819,0.00119584,0.169656,0.0622678,0.141454,0.12983,-0.023709,0.0587729,0.0760024,0.00859653,0.0452211,0.00483554,-0.0629027,-0.0140997,-0.0119232,0.144815,0.0935108,0.0157879,0.138378,0.131534,0.0480769,-34501.5
-34190.4,0.88058,0.462414,3,7,0,34204.3,0.00714655,0.977861,0.176295,-0.0661452,0.239177,0.103436,0.285077,0.180605,0.0379421,0.0439578,0.216185,0.135004,-0.0430551,0.0878644,0.0677527,-0.0198656,0.191142,0.06583,0.14799,0.150197,-0.0184303,0.0490774,0.0554626,-0.00254274,0.0361432,-0.00883114,-0.0549544,-0.0128028,0.0233115,0.0937968,0.132597,-0.00852248,0.126691,0.0630414,0.0368925,-34534.3
-34193.2,0.875803,0.462414,3,7,0,34217.6,0.00914409,0.978912,0.180341,-0.0583886,0.243468,0.12535,0.283977,0.172359,0.00349104,0.0221983,0.204357,0.141763,-0.0652523,0.0961504,0.0674137,-0.000407797,0.138561,0.0810156,0.147909,0.137343,-0.0016488,0.0584376,0.0668242,0.00111719,0.0167008,0.0316898,-0.0955239,0.0126671,-0.0462858,0.134513,0.00183061,-0.00934103,0.19325,0.109527,0.0488181,-34518.9
-34188.7,0.922391,0.462414,3,7,0,34210.7,-0.00178061,0.977011,0.176177,-0.0544917,0.224383,0.108803,0.27196,0.174693,0.0268155,0.0386196,0.222314,0.155213,-0.0608951,0.0964484,0.0759142,0.0141008,0.179491,0.0687721,0.146543,0.14113,-0.0275189,0.0504525,0.0646871,-0.00835075,0.024721,0.021976,-0.0698796,-0.0214455,0.0125418,0.0473709,-0.00116701,0.00884168,0.141251,0.205141,0.0469309,-34531.7
-34193.1,0.699185,0.462414,3,7,0,34211,0.00639032,0.977369,0.188537,-0.0707805,0.230337,0.1054,0.250796,0.179579,0.0145889,0.0321893,0.1928,0.128116,-0.0677954,0.0813888,0.0556947,-0.00554738,0.176384,0.0724156,0.131497,0.135439,-0.0289399,0.0401853,0.0722428,0.00161672,0.0235708,0.00362418,-0.0638102,-0.0109599,-0.0363484,0.10685,0.0257506,-0.00248049,0.13396,0.0738203,0.0401743,-34451.9
-34188.1,1,0.462414,3,7,0,34208.2,0.00538994,0.979864,0.189924,-0.0740214,0.22657,0.115103,0.27014,0.19132,0.0326532,0.0230594,0.196888,0.137731,-0.0660045,0.0636255,0.0495548,0.0118166,0.174709,0.0589164,0.131095,0.135686,-0.0213588,0.0378912,0.078485,0.00617419,0.0439291,0.0039768,-0.0643666,-0.00578746,-0.00438692,0.0956872,0.0253639,0.00562286,0.138841,0.105958,0.0422684,-34490.2
-34187.7,0.997093,0.462414,3,7,0,34203.8,0.00166413,0.978761,0.176522,-0.0528152,0.242386,0.114243,0.302416,0.171354,0.00211673,0.0392596,0.221466,0.138891,-0.0338151,0.106581,0.0878067,-0.0138782,0.15999,0.0946828,0.148636,0.147084,-0.00343815,0.0555325,0.0459175,-0.0161724,0.00464976,0.0209278,-0.090871,-0.00374834,-0.0130371,0.127091,0.122651,0.0122982,0.121219,0.0566658,0.0526768,-34554.9
-34187.1,0.802465,0.462414,3,7,0,34211.7,0.00236629,0.97972,0.185969,-0.072719,0.229527,0.116513,0.298644,0.164654,0.00425274,0.0441105,0.217424,0.139519,-0.026909,0.076755,0.0548689,-0.00401533,0.16046,0.0816851,0.152819,0.137572,-0.028714,0.0560064,0.0570883,-0.00272742,0.0179314,0.0339327,-0.0798094,-0.0219153,0.0117391,0.120331,0.0789082,-0.00364721,0.122794,0.0788896,0.0818139,-34529.2
-34191.2,0.700795,0.462414,3,7,0,34214.5,0.00369661,0.974417,0.173351,-0.0460486,0.261037,0.114706,0.276422,0.19569,0.028209,0.0165612,0.199227,0.145156,-0.0851183,0.103359,0.0823718,-0.00690773,0.180848,0.0769305,0.135117,0.152268,-0.000397713,0.050147,0.0508581,-0.0050643,0.0310088,-0.0124559,-0.0841184,0.00417093,-0.0373731,0.171146,0.120881,0.017463,0.12781,0.113296,0.0552964,-34550.9
-34185.9,0.989364,0.462414,3,7,0,34206.6,-0.00127536,0.983037,0.181494,-0.0549372,0.226055,0.107735,0.29051,0.162662,0.0128048,0.012455,0.228,0.15183,-0.0541375,0.0969606,0.0728942,0.00544663,0.168215,0.0616296,0.14534,0.141666,-0.0259046,0.0580868,0.0671192,-0.00788077,0.0128139,0.00959241,-0.0950025,0.0164973,-0.00180556,0.171755,0.135481,0.0134732,0.16775,0.0787382,0.0602889,-34527.5
-34184.1,0.864326,0.462414,3,7,0,34207.6,0.00814208,0.975638,0.185993,-0.0753884,0.221066,0.122581,0.285055,0.199282,0.0247511,0.0364055,0.206295,0.140303,-0.0681339,0.104159,0.0800008,-0.0209554,0.167071,0.077717,0.139267,0.133129,-0.00344698,0.0578745,0.0722757,-0.0127953,0.047935,0.0143018,-0.0567651,-0.0159654,-0.0150655,0.102986,0.0876214,0.0056939,0.0909251,0.121356,0.0405158,-34546.9
-34182.3,0.969101,0.462414,3,7,0,34196.8,-0.001395,0.979552,0.170983,-0.041258,0.2528,0.106189,0.281747,0.16481,0.020283,0.0195638,0.213606,0.146209,-0.0471333,0.0844038,0.063465,0.00357136,0.162993,0.0641358,0.154773,0.17094,-0.0208668,0.0474268,0.0395915,0.00413316,0.0197576,0.0180263,-0.0838446,-0.00174859,-0.0150933,0.190392,0.0941611,-0.000761841,0.149258,0.0869764,0.0497129,-34516.5
-34183.2,0.853552,0.462414,3,7,0,34199,0.0052846,0.97721,0.171491,-0.0644343,0.223481,0.125354,0.278905,0.182349,0.00998687,0.0289414,0.210796,0.150815,-0.0681088,0.0727045,0.0622236,0.00241704,0.16845,0.0745751,0.118143,0.143342,-0.0194251,0.059463,0.0721743,0.0055541,0.0337816,-0.00165186,-0.0762421,-0.0132312,-0.0254885,0.00468533,0.109262,0.0238233,0.137675,0.0828955,0.0497273,-34510.9
-34191.4,0.850772,0.462414,3,7,0,34203.7,-3.55711e-05,0.981327,0.1672,-0.0508604,0.222222,0.127744,0.276731,0.162533,0.015907,0.00816309,0.207412,0.143892,-0.0643304,0.0841901,0.0386451,-0.00462375,0.149495,0.0717046,0.139476,0.153068,-0.00756357,0.0529233,0.0843007,-0.0276209,0.0175737,0.00298125,-0.0770376,-0.00268025,-0.0173798,0.0422746,0.0763608,-0.0198274,0.23642,0.0573989,0.0426591,-34481.6
-34184.4,0.854907,0.462414,3,7,0,34210,0.00658783,0.977161,0.19173,-0.0581287,0.240737,0.106377,0.288775,0.186384,0.0125623,0.0409294,0.205475,0.133227,-0.0545763,0.0877468,0.0884801,-0.00147327,0.182413,0.0796554,0.145666,0.148103,-0.013916,0.0606413,0.0660267,0.0107232,0.0366237,0.0190982,-0.0818942,-0.0204978,-0.010662,0.205147,0.0506811,-0.00858568,0.106994,0.149688,0.111118,-34550
-34184.1,0.975288,0.462414,3,7,0,34198.3,-2.0084e-05,0.979873,0.169751,-0.0588736,0.237726,0.128134,0.283891,0.166708,0.0133558,0.0152651,0.209707,0.145962,-0.0549223,0.0940154,0.062051,-0.0166277,0.157835,0.0626364,0.12926,0.154544,-0.021347,0.0590841,0.0767563,0.0119291,0.0341797,0.00972466,-0.0799274,0.0168151,-0.0247903,0.0564868,0.040127,0.02196,0.120129,0.0706164,0.0822821,-34515.1
-34185.6,0.829203,0.462414,3,7,0,34203,0.00162274,0.975101,0.172766,-0.0663148,0.235304,0.124264,0.284133,0.166302,0.00751159,0.0216562,0.204579,0.140057,-0.0618078,0.0909683,0.0555726,-0.0165484,0.161916,0.062841,0.123923,0.158193,-0.0249279,0.0557382,0.0756754,0.0192018,0.0272861,0.00593664,-0.0776733,0.0126672,-0.0181164,0.107373,0.0241689,0.0108547,0.0938424,0.074716,0.0856981,-34516.3
-34185.7,1,0.462414,3,7,0,34198.7,0.00634515,0.980802,0.178571,-0.0596325,0.249125,0.111323,0.280634,0.198293,0.0145983,0.0163932,0.196299,0.142384,-0.0655694,0.0800608,0.0535115,-0.0157915,0.180138,0.0644694,0.139606,0.148859,-0.0264257,0.0617679,0.0664354,0.0142868,0.0530378,0.0146672,-0.0938545,0.0105269,-0.00349512,0.0814171,0.0375474,0.0258739,0.173072,0.142879,0.0629811,-34523.6
-34184.6,0.711449,0.462414,3,7,0,34208.6,0.00648855,0.980223,0.175788,-0.0628567,0.250497,0.105307,0.278967,0.199228,0.0129475,0.0267161,0.208154,0.137679,-0.0701746,0.0920635,0.0546779,-0.00837167,0.177106,0.0777279,0.151679,0.150294,-0.014794,0.04873,0.0632004,0.00877325,0.0495622,0.0158843,-0.0939853,0.00176003,-0.0022592,0.0829694,0.0422892,0.0361896,0.203836,0.164798,0.0688097,-34539.6
-34190.5,0.779626,0.462414,3,7,0,34207.7,-0.000681746,0.978092,0.185891,-0.0826796,0.218685,0.118824,0.29369,0.19324,0.0101652,0.00942081,0.219658,0.124227,-0.0439944,0.0956966,0.0823275,-0.0416898,0.181825,0.0850397,0.15534,0.125177,-0.0125333,0.0565041,0.0592244,0.00599662,0.0476127,0.0102488,-0.0800829,-0.001617,-0.0253328,0.257181,0.101617,0.00510498,0.187269,0.101224,0.0423026,-34542.5
-34196.4,0.653356,0.462414,3,7,0,34218.5,0.0111121,0.981048,0.184205,-0.0385021,0.249957,0.100599,0.283678,0.174719,0.029911,0.0442587,0.196316,0.157852,-0.0615551,0.0711405,0.0403661,0.0309116,0.15699,0.0633658,0.131686,0.151088,-0.0129882,0.0554454,0.0558656,-0.0116607,0.0204683,0.0166993,-0.0797202,-0.0069247,-0.000143021,-0.00423421,0.077259,0.00593573,0.145771,0.0793234,0.0433939,-34504
-34189.6,1,0.462414,3,7,0,34211.7,-0.00638942,0.977889,0.183074,-0.0539787,0.226849,0.114324,0.263921,0.181572,0.0129984,0.0223627,0.217757,0.124091,-0.0707951,0.075627,0.0669934,0.0120813,0.157184,0.0689907,0.153025,0.12137,-0.000275704,0.0549883,0.0542989,0.00927967,0.0120838,0.00391259,-0.0821073,-0.0101576,-0.0110116,0.0344371,0.084849,-0.00934986,0.276126,0.0651617,0.0420673,-34480
-34186.8,0.89939,0.462414,3,7,0,34208.4,0.00482384,0.98273,0.186916,-0.0507223,0.23517,0.114944,0.296516,0.184943,0.0151444,0.021477,0.211071,0.126278,-0.0589206,0.10243,0.0679352,-0.0177595,0.166934,0.0710264,0.140914,0.146617,0.00497738,0.0327915,0.0443822,-0.0253045,0.0266244,0.0226931,-0.0979146,-0.0211911,-0.0197624,0.11394,0.0660194,0.00980107,0.275878,0.0601175,0.0418907,-34524.7
-34181.9,0.909789,0.462414,3,7,0,34203,0.00427413,0.982775,0.176172,-0.053245,0.233656,0.113964,0.297943,0.184559,0.0240832,0.0288052,0.218078,0.130701,-0.0506885,0.0991971,0.0747647,-0.0169177,0.165243,0.0805123,0.134116,0.147086,0.000965521,0.0334302,0.0519003,-0.0119179,0.0170576,0.0244996,-0.092828,-0.0191746,-0.0150449,0.111636,0.0831802,0.0100264,0.231249,0.0708965,0.038909,-34525.4
-34180.8,0.961943,0.462414,3,7,0,34196.6,0.00264911,0.974385,0.192341,-0.0704049,0.241818,0.111996,0.291929,0.173092,0.00879946,0.0202172,0.200732,0.13548,-0.0426556,0.0811874,0.0648235,0.00686421,0.154444,0.0732157,0.152277,0.13424,-0.0261073,0.0474443,0.0538992,0.0103304,0.0327845,0.00773008,-0.0558419,-0.0026418,0.00342956,0.163632,0.0908627,0.00390508,0.215719,0.071065,0.0362919,-34523.8
-34185.2,0.831017,0.462414,3,7,0,34201.8,0.00420779,0.983574,0.182324,-0.0605009,0.238556,0.122868,0.281275,0.209113,0.038543,0.0295438,0.20491,0.128577,-0.0503053,0.0980809,0.0647465,-0.020865,0.167926,0.0740358,0.133196,0.16081,0.0104545,0.03865,0.0397895,-0.00424606,0.0290903,0.0177653,-0.0841798,-0.000996483,-0.0138604,0.109658,0.066155,-0.00316512,0.0842674,0.0744209,0.0379877,-34521.5
-34189.7,0.927099,0.462414,3,7,0,34204.4,0.0017958,0.976695,0.187639,-0.0692522,0.239782,0.125334,0.298139,0.16816,0.0272327,0.0294853,0.194296,0.113431,-0.0631109,0.0801168,0.078307,-0.0117698,0.14999,0.0845499,0.119886,0.163218,-0.0107385,0.0589867,0.0541582,0.00910628,0.0368992,0.0213951,-0.092316,-0.0018997,-0.0376412,0.175335,0.0658793,0.0256178,0.127457,0.135739,0.0468229,-34526
-34183.3,0.785966,0.462414,3,7,0,34211.8,0.00722166,0.980298,0.17192,-0.0575669,0.237276,0.106218,0.306288,0.177986,0.0221329,0.0356953,0.204347,0.13275,-0.0341852,0.0889259,0.0689448,-0.0285759,0.169754,0.0764955,0.128737,0.151215,0.000781549,0.055927,0.0554184,0.00885704,0.0379754,-0.00406885,-0.0816514,0.0179333,0.00693751,0.126187,0.0646317,-0.00397579,0.118082,0.0598589,0.0457193,-34521.7
-34188.2,0.689644,0.462414,3,7,0,34205.9,0.00289525,0.976008,0.187231,-0.0640402,0.233576,0.125822,0.254812,0.184873,0.0118347,0.0138409,0.219916,0.150252,-0.0734657,0.0941377,0.0656741,0.0205351,0.164436,0.0819971,0.160755,0.14056,-0.0275401,0.0493729,0.0680169,-0.0182213,0.0186487,0.0277609,-0.0762757,-0.0254629,-0.0213553,0.163816,0.107784,0.00400094,0.115039,0.143375,0.0576303,-34536
-34188.1,0.990319,0.462414,3,7,0,34203,0.00510837,0.976699,0.171692,-0.0636259,0.246189,0.106793,0.319599,0.174367,0.0187608,0.0398012,0.203412,0.131216,-0.0416581,0.0844181,0.0687376,-0.0303209,0.176922,0.077515,0.128456,0.147641,0.00135559,0.0550316,0.0448374,0.0160439,0.0384666,-0.00343261,-0.0804805,0.0144973,0.00338231,0.166651,0.141905,0.000263428,0.171391,0.0872441,0.0355018,-34548.2
-34187.2,0.852807,0.462414,3,7,0,34205.8,0.00163813,0.981956,0.195889,-0.0680072,0.247162,0.124179,0.269163,0.194985,0.0112844,0.0177283,0.206544,0.14411,-0.0544219,0.073026,0.0593675,0.00265694,0.15889,0.0833301,0.157819,0.156308,-0.026964,0.0434301,0.0791429,-0.0151974,0.0327008,0.0396341,-0.083701,-0.00792894,-0.0251082,0.117617,0.0287803,0.0263282,0.0937429,0.0789589,0.0827727,-34536.4
-34180.2,0.980476,0.462414,3,7,0,34199.2,0.00363662,0.976757,0.168309,-0.0502937,0.237444,0.121151,0.274531,0.170603,0.0286209,0.0288657,0.202997,0.134116,-0.0603106,0.0823716,0.0776963,0.00516748,0.160871,0.0633813,0.150686,0.162859,0.00648749,0.0533526,0.0511248,-0.0169442,0.0301089,0.0108764,-0.074965,-0.00832691,-0.0140579,0.151102,0.14936,0.00924854,0.116339,0.0873092,0.0414043,-34506.3
-34180.5,0.651029,0.462414,3,7,0,34198.5,0.00194537,0.981091,0.175254,-0.0574246,0.243907,0.107124,0.285688,0.19507,0.0239288,0.0310806,0.216584,0.138931,-0.0635654,0.0791809,0.0679929,-0.0197466,0.166881,0.0882029,0.143201,0.156759,-0.0190896,0.0729257,0.0644336,-0.0164882,0.0343637,0.01292,-0.0845059,-0.0222184,-0.0137648,0.0812105,0.0172816,0.00200764,0.131471,0.12657,0.051222,-34536.7
-34192.5,0.746781,0.462414,3,7,0,34201.5,0.00181691,0.976852,0.171668,-0.0299393,0.263329,0.115718,0.281313,0.212327,0.00306956,0.0182989,0.203033,0.137733,-0.0770883,0.0809472,0.072841,-0.0155225,0.175163,0.0987126,0.132233,0.146168,-0.0166246,0.0422386,0.0497149,-0.0143943,0.0274142,0.00599149,-0.0903911,0.00268546,-0.012159,0.143626,-0.00752862,0.00536644,0.110466,0.174075,0.0504431,-34541.3
-34186.2,0.956702,0.462414,3,7,0,34204.1,0.00498556,0.981246,0.186645,-0.0797231,0.21928,0.113353,0.288356,0.143153,0.0232372,0.0281899,0.215034,0.139957,-0.046048,0.0807179,0.0610355,0.00996452,0.163245,0.0560303,0.161306,0.14257,-0.0153352,0.0687216,0.0775645,0.0137834,0.0250024,0.0177147,-0.063844,-0.00670817,-0.00547164,0.13451,0.106714,-0.00292922,0.121326,0.0568045,0.0468095,-34508.9
-34185.2,0.688763,0.462414,3,7,0,34207.4,0.00161064,0.97621,0.180388,-0.0711602,0.237445,0.118539,0.287659,0.172262,0.0204389,0.0300532,0.222443,0.147828,-0.0577923,0.0791934,0.0652382,-0.00217006,0.179399,0.0778131,0.156567,0.155543,0.00214441,0.0443011,0.0788898,-0.00498959,0.030687,0.0164394,-0.0484651,-0.000795792,-0.0191943,0.191771,0.0916182,-0.0273687,0.125998,0.0530254,0.0544224,-34565.2
-34195.9,0.788943,0.462414,3,7,0,34208.5,0.00497774,0.981509,0.181952,-0.0644119,0.223329,0.105205,0.295049,0.184293,0.0379568,0.0276835,0.196947,0.139923,-0.0577284,0.112959,0.0929399,-0.00837898,0.170531,0.0729423,0.133523,0.142136,-0.0445605,0.031965,0.0545219,-0.0123886,0.0192689,0.00223897,-0.0978657,-0.0132954,-0.00959046,0.231673,0.121344,0.0148939,0.221812,0.147976,0.0384597,-34513.1
-34189.1,1,0.462414,3,7,0,34213.2,0.00159827,0.977942,0.187656,-0.0591632,0.235671,0.117778,0.292502,0.181478,0.0107324,0.0134766,0.20419,0.139118,-0.061036,0.106,0.080659,0.00367937,0.174903,0.0816193,0.125771,0.129011,-0.0325243,0.0481753,0.0730217,-0.00120186,0.0290452,0.00656777,-0.109693,-0.0281651,-0.0127984,0.194159,0.146207,-0.00225505,0.16649,0.142777,0.0633773,-34543.5
-34182,1,0.462414,3,7,0,34202.3,0.00287894,0.975904,0.174955,-0.0679068,0.245717,0.114421,0.28086,0.173951,0.0219734,0.0249881,0.211832,0.138033,-0.0494335,0.0798303,0.056966,-0.00938058,0.158333,0.0684141,0.149745,0.156299,0.00180975,0.0486451,0.0405111,0.000150303,0.0311394,0.015705,-0.044488,0.0191569,-0.0132274,0.0999131,0.0352498,0.00996666,0.129296,0.0716488,0.040864,-34516.6
-34181.3,0.926372,0.462414,3,7,0,34195.7,0.00621926,0.983263,0.196496,-0.0761857,0.232566,0.124386,0.286186,0.179452,0.0277503,0.029475,0.224482,0.149774,-0.0450777,0.098029,0.0778145,0.00501223,0.162783,0.0703664,0.155835,0.13565,-0.0118078,0.0428648,0.0393409,-0.0162851,0.0290848,0.0134254,-0.0781089,-0.0158088,-0.0096767,0.114448,0.106635,-0.0103967,0.135734,0.122257,0.0539733,-34548.1
-34187.8,0.646828,0.462414,3,7,0,34205.4,0.000452475,0.983979,0.196443,-0.0854719,0.23316,0.128671,0.291407,0.178639,0.0279533,0.0297718,0.22499,0.140549,-0.0512067,0.0884043,0.0742562,0.00996643,0.160244,0.0598335,0.151736,0.142986,-0.0107295,0.0445068,0.0282489,-0.0240239,0.0301276,0.00618797,-0.0781116,-0.0223139,-0.00398947,0.129717,0.0863932,-0.00776679,0.167936,0.110878,0.0487695,-34551.2
-34181.3,0.972125,0.462414,3,7,0,34200.1,0.00340568,0.974244,0.18539,-0.0564656,0.224854,0.109971,0.288216,0.179515,0.00731877,0.0277503,0.20534,0.133002,-0.0496681,0.095012,0.0624168,-0.00904674,0.166173,0.091941,0.13791,0.151411,0.00174238,0.0603051,0.079331,0.0123291,0.0181195,0.00255262,-0.079997,-0.0145905,-0.00824018,0.155608,0.0284713,-0.000716296,0.165612,0.117695,0.0422997,-34528
-34184,0.922298,0.462414,3,7,0,34195.7,0.00293334,0.982228,0.182316,-0.0798324,0.226439,0.128605,0.29232,0.184444,0.0163218,0.0320585,0.189488,0.12617,-0.0658012,0.0938778,0.0630525,0.00469126,0.166689,0.0763975,0.153551,0.155024,-0.0209647,0.0591437,0.0487605,-0.0395495,0.0313677,0.0242616,-0.0790582,0.00488299,0.00165131,0.115123,0.0991224,0.00615832,0.117918,0.0651174,0.0502477,-34524.8
-34181.5,0.795429,0.462414,3,7,0,34205.4,0.00563964,0.980084,0.181405,-0.0764563,0.229503,0.125168,0.293616,0.188549,0.0196459,0.0292663,0.196318,0.128578,-0.0597743,0.0903101,0.0682425,-0.00535978,0.162469,0.0654708,0.146872,0.144716,-0.0247513,0.0592024,0.0570241,-0.0291796,0.031171,0.0400807,-0.0842272,0.0127912,0.00302307,0.118268,0.0845048,0.0134185,0.14857,0.0697256,0.0419843,-34526.9
-34183.4,0.814689,0.462414,3,7,0,34199.3,0.00396292,0.979139,0.183566,-0.0744797,0.224617,0.126709,0.29255,0.182781,0.0178325,0.0291211,0.189516,0.135375,-0.0631134,0.0831271,0.0625899,0.000563957,0.161651,0.0678544,0.146128,0.136267,-0.0266608,0.0637876,0.0675543,-0.0334669,0.0364738,0.0275177,-0.0760046,0.0141582,0.00459012,0.0735567,0.0903679,0.00851006,0.185142,0.0798212,0.0448978,-34517.5
-34188.3,0.82273,0.462414,3,7,0,34202.9,0.0082323,0.978972,0.176339,-0.0598831,0.212126,0.102334,0.296301,0.199294,0.0215423,0.0219047,0.18822,0.144425,-0.0469295,0.0649797,0.0618624,0.00350245,0.151437,0.0856707,0.137736,0.152189,-0.0267357,0.0485571,0.0735821,-0.00220529,0.0238855,0.0318829,-0.0543362,0.00424306,-0.0181231,0.0942756,0.0729454,0.0088543,0.20003,0.0767187,0.039713,-34486.9
-34186,0.927586,0.462414,3,7,0,34208.5,-0.00112393,0.977867,0.187553,-0.0804408,0.25999,0.11639,0.279958,0.170823,0.00835796,0.0434071,0.232619,0.142566,-0.0603455,0.0962296,0.072895,-0.00635221,0.178028,0.0710438,0.150382,0.145632,-0.005844,0.0623327,0.080371,-0.0180019,0.0299103,0.000105532,-0.100261,-0.0044084,-0.00889947,0.142962,0.0986536,0.00728505,0.176053,0.0765724,0.0661162,-34589.7
-34191.4,0.856029,0.462414,3,7,0,34208.7,0.00653766,0.976634,0.175402,-0.0855672,0.248192,0.108377,0.299607,0.185458,0.00210232,0.0189746,0.198794,0.13374,-0.0329721,0.11299,0.0772132,0.00346653,0.163464,0.0592554,0.148175,0.134719,-0.00862347,0.0488872,0.0572772,-0.0196799,0.0275398,-0.0129828,-0.0682599,-0.0148754,-0.019269,0.00500217,0.100089,0.00107303,0.131652,0.0570657,0.0573782,-34536.1
-34187.7,1,0.462414,3,7,0,34209.7,0.00456229,0.981556,0.192858,-0.0545066,0.223088,0.10588,0.274407,0.178956,0.0191713,0.0609811,0.200047,0.142313,-0.0551535,0.0770998,0.0731844,-0.018053,0.167416,0.0816778,0.138475,0.166192,0.00249302,0.0546127,0.0657071,0.0100566,0.038394,0.00332539,-0.0820051,-0.019271,-0.00911341,0.241268,0.0767605,-0.0296749,0.122308,0.0783114,0.0506877,-34501.4
-34195.1,0.656863,0.462414,3,7,0,34209.7,0.002758,0.974984,0.17771,-0.0685915,0.24996,0.123401,0.314145,0.178879,0.00435699,-0.00786536,0.228242,0.138918,-0.0641878,0.105139,0.0566399,0.00536576,0.16162,0.0663009,0.147068,0.120014,-0.0366113,0.0555694,0.0554834,-0.0201091,0.0139691,0.0246828,-0.07686,0.00864658,-0.0188574,0.0335741,0.0913216,0.00974285,0.209818,0.0855377,0.0620837,-34584.5
-34185.8,1,0.462414,3,7,0,34209,0.00427543,0.982507,0.181851,-0.0667386,0.232761,0.118257,0.265107,0.184332,0.0263286,0.0492136,0.204828,0.151136,-0.0358019,0.0772812,0.0620589,0.00294725,0.164103,0.0895017,0.153232,0.169605,0.000230983,0.0515205,0.0556444,0.0223538,0.0260278,0.00477523,-0.0787729,-0.0169522,-0.0119107,0.133908,0.0856513,-0.0105253,0.159565,0.0665937,0.0365024,-34509.6
-34184.4,0.96156,0.462414,3,7,0,34204.3,0.0065083,0.980603,0.177381,-0.0549192,0.230191,0.102657,0.288875,0.177898,0.0177191,0.0445436,0.197473,0.144475,-0.025898,0.0801754,0.0543286,0.00224846,0.168988,0.0722598,0.157851,0.144515,-0.0175536,0.0387707,0.0531505,0.0141278,0.0146329,-0.000687973,-0.0643362,-0.0192152,0.000896482,0.0700055,0.116799,0.00210975,0.198806,0.0729768,0.0312174,-34485.8
-34183,0.911239,0.462414,3,7,0,34199.6,-0.00461526,0.980426,0.182623,-0.0731004,0.244542,0.118195,0.280566,0.189937,0.0181884,0.020181,0.221102,0.137559,-0.0819835,0.1017,0.0689881,-0.0201243,0.170469,0.075749,0.139278,0.147141,-0.00478374,0.0543149,0.0568085,-0.0151408,0.0337928,0.0212581,-0.0868228,0.0145004,-0.0227959,0.144502,0.0982268,0.00117877,0.0964347,0.132166,0.0484099,-34552.4
-34181.4,0.857158,0.462414,3,7,0,34201.8,-0.00332912,0.979345,0.180697,-0.0760001,0.232638,0.11783,0.286578,0.180763,0.0210197,0.00825296,0.212959,0.143159,-0.0763647,0.0920432,0.0687458,-0.0181108,0.183124,0.0734868,0.129935,0.151697,-0.00825285,0.0573139,0.0528874,-0.0148088,0.0292284,0.0088864,-0.0848473,0.0123391,-0.0235557,0.120366,0.112816,0.00364092,0.110267,0.130888,0.0557414,-34538.6
-34187.5,0.913462,0.462414,3,7,0,34198.6,0.0106839,0.978036,0.186447,-0.0780917,0.22329,0.120745,0.288734,0.192724,0.0136741,0.0132181,0.200826,0.138385,-0.053514,0.0978557,0.0652326,0.00127917,0.156453,0.0838691,0.16828,0.151519,-0.0110861,0.0848245,0.0647357,-0.0121849,0.0357189,0.00691369,-0.0839769,-0.0137741,-0.00172372,0.0477503,0.097573,0.0146468,0.194374,0.0797601,0.10428,-34548.6
-34184.8,0.837582,0.462414,3,7,0,34206.2,0.00671812,0.97838,0.190541,-0.0766221,0.211201,0.122668,0.286218,0.186646,0.0128061,0.0138716,0.209981,0.144648,-0.0441018,0.10116,0.0625966,-0.0102956,0.159448,0.0817199,0.163447,0.149089,-0.0155864,0.0750272,0.0601855,-0.0137853,0.0321432,0.00384447,-0.0842678,0.0030769,-0.00681583,0.0474868,0.101821,0.0123982,0.190184,0.060012,0.1001,-34538.6
-34185.3,0.913385,0.462414,3,7,0,34201.8,0.00674213,0.980086,0.168475,-0.061374,0.217985,0.124995,0.282451,0.193169,0.0288889,0.0266431,0.197112,0.148289,-0.0665648,0.0910837,0.0760815,0.0036399,0.154006,0.0575409,0.131358,0.132497,-0.0335385,0.0615655,0.0801588,-0.0179881,0.0104117,0.00528042,-0.0791783,0.00217206,-0.00867217,0.153377,0.077456,-0.0231125,0.112887,0.0833814,0.0601345,-34492.2
-34185.3,0.852876,0.462414,3,7,0,34204.3,0.00274584,0.98181,0.196748,-0.0691888,0.247237,0.105342,0.293321,0.169784,0.00380047,0.0351315,0.210387,0.127783,-0.0427333,0.0854561,0.0598305,-0.0141277,0.181444,0.090909,0.147107,0.159981,0.00764575,0.0437861,0.0396002,0.0147892,0.0562636,0.0156856,-0.0727089,-0.00880026,-0.0127752,0.114572,0.0899019,0.0275305,0.136026,0.0860442,0.0353413,-34544
-34184.3,0.948491,0.462414,3,7,0,34201.5,-0.00121368,0.97942,0.170538,-0.0561673,0.224513,0.128277,0.287779,0.195104,0.0323192,0.0221086,0.203162,0.145328,-0.0600533,0.092984,0.0778891,-0.00349387,0.148367,0.0581648,0.137123,0.135058,-0.0300118,0.0539334,0.0740524,-0.0191267,0.00651184,0.00695811,-0.0774134,0.00254506,-0.009111,0.130148,0.0828703,-0.0194467,0.117646,0.0893826,0.0582109,-34507.3
-34181.1,0.994983,0.462414,3,7,0,34195.3,0.00726283,0.977821,0.181619,-0.0729637,0.259207,0.105795,0.276664,0.167676,0.018485,0.0236283,0.209187,0.136321,-0.0428056,0.0949927,0.0598191,0.000965348,0.175766,0.0595036,0.131076,0.158291,0.00247674,0.0491868,0.0394943,-0.0111574,0.0446345,0.023912,-0.0653498,0.00069395,-0.0197609,0.0935803,0.0767536,0.0159916,0.141068,0.0800701,0.0334592,-34524.4
-34178.6,0.892337,0.462414,3,7,0,34193.9,0.000771204,0.97873,0.169789,-0.0535218,0.246479,0.13306,0.286125,0.18888,0.0196896,0.04658,0.203182,0.146065,-0.0462086,0.0939987,0.0672664,-0.0142065,0.152875,0.0835892,0.151373,0.148225,-0.0170387,0.0496144,0.06366,-0.00358075,0.0177403,0.0222996,-0.078701,-0.00793082,-0.0111263,0.172214,0.0934326,-0.00371504,0.0850787,0.0614373,0.0437624,-34534.4
-34182.1,0.756506,0.462414,3,7,0,34193.8,0.0075102,0.978566,0.191995,-0.0592451,0.25164,0.119242,0.299968,0.170777,0.0212671,0.0227746,0.216966,0.15317,-0.0613827,0.0859228,0.0664203,0.00415427,0.168856,0.0699379,0.12884,0.125198,-0.000946564,0.0569177,0.0455672,0.00218882,0.036139,0.021022,-0.0700969,-0.00652654,-0.0134486,0.114091,0.0734836,0.00378745,0.22378,0.121557,0.0464053,-34557.7
-34182.4,0.938712,0.462414,3,7,0,34200.6,0.0080144,0.976739,0.186265,-0.0611658,0.246553,0.115868,0.29829,0.166714,0.0194533,0.022029,0.212003,0.15612,-0.0667929,0.0899366,0.0642367,0.00310999,0.177189,0.0718953,0.126388,0.129508,0.000283694,0.0539396,0.0356702,0.00836651,0.0370639,0.00673015,-0.0759766,0.000611781,-0.00987329,0.125574,0.0909765,-0.00333608,0.232569,0.0889689,0.0333436,-34551
-34178,0.662701,0.462414,3,7,0,34206.8,0.00716693,0.975365,0.175517,-0.0608837,0.228003,0.117038,0.280933,0.194938,0.0156881,0.0291218,0.199636,0.12771,-0.0433905,0.0895972,0.066621,0.00163815,0.16727,0.0695626,0.166928,0.159323,-0.0261913,0.052445,0.0731193,-0.00720814,0.0226278,0.010174,-0.0685455,-0.0114834,-0.0100705,0.150776,0.0953843,-0.00346276,0.0920784,0.0814613,0.0413621,-34520.8
-34179.4,0.804972,0.462414,3,7,0,34192.4,0.00183582,0.98039,0.187565,-0.0636174,0.252026,0.117419,0.28865,0.165328,0.0220751,0.0266828,0.220147,0.15285,-0.0667417,0.0904912,0.0656776,-0.0107036,0.178893,0.0782577,0.119047,0.127606,0.000345926,0.0496071,0.0506855,0.00547077,0.0375515,0.0069256,-0.078382,0.00945151,-0.00699415,0.0881831,0.105015,0.0099239,0.172857,0.0997701,0.0425049,-34544.7
-34187.2,0.719237,0.462414,3,7,0,34199.6,0.00653656,0.97736,0.174915,-0.0461828,0.219739,0.0934045,0.286853,0.174325,0.0120034,0.0168312,0.199985,0.136966,-0.0490043,0.100944,0.0509576,-0.00860446,0.155827,0.0622989,0.160922,0.171824,-0.0162674,0.0460439,0.0751498,-0.00683337,0.0202249,0.0106453,-0.0714145,-0.0110621,-0.0177846,0.0851095,0.0528608,0.00221374,0.210732,0.0643745,0.0351798,-34492
-34183,0.98206,0.462414,3,7,0,34202.7,0.00067277,0.979196,0.18131,-0.0705322,0.246914,0.138147,0.295338,0.1802,0.0207227,0.0332034,0.203941,0.149226,-0.0578659,0.0798711,0.0811246,-0.0069854,0.163127,0.0765808,0.11879,0.135505,-0.00682028,0.0397315,0.0395397,-0.00677155,0.0410371,0.0210643,-0.0762756,-0.0023178,-0.00601454,0.0566193,0.11232,-0.00884857,0.141571,0.103101,0.0460296,-34546.3
-34183,0.589662,0.462414,3,7,0,34207.6,0.00067277,0.979196,0.18131,-0.0705322,0.246914,0.138147,0.295338,0.1802,0.0207227,0.0332034,0.203941,0.149226,-0.0578659,0.0798711,0.0811246,-0.0069854,0.163127,0.0765808,0.11879,0.135505,-0.00682028,0.0397315,0.0395397,-0.00677155,0.0410371,0.0210643,-0.0762756,-0.0023178,-0.00601454,0.0566193,0.11232,-0.00884857,0.141571,0.103101,0.0460296,-34546.3
-34186.1,0.904241,0.462414,3,7,0,34200.2,0.000451987,0.976569,0.163745,-0.0583187,0.234127,0.128929,0.284316,0.195712,0.02848,0.0329559,0.207508,0.156888,-0.0589499,0.0941754,0.0567987,-0.00442118,0.162692,0.0598784,0.149514,0.152133,-0.00561581,0.0501336,0.0695782,-0.00628677,0.0202221,0.0278364,-0.0922373,-0.00666373,-0.0111505,0.189547,0.11861,0.0209012,0.0691358,0.0833466,0.0476059,-34544
-34184.5,0.942075,0.462414,3,7,0,34200.7,0.0111366,0.980327,0.181698,-0.0537501,0.223919,0.113599,0.279982,0.201261,0.0269033,0.0220689,0.219091,0.142765,-0.0502886,0.0998212,0.053034,0.00207205,0.16368,0.0836314,0.140968,0.159296,-0.0177619,0.0433532,0.074969,-0.0042158,0.0344457,0.028883,-0.0813593,-0.00931035,-0.0212753,0.102714,0.0488677,0.0137288,0.163181,0.0641376,0.0862315,-34536.7
-34181.6,0.876265,0.462414,3,7,0,34201.5,-0.00296726,0.979798,0.191411,-0.0703474,0.25415,0.114391,0.295398,0.164513,0.00764332,0.035807,0.200069,0.143912,-0.0570417,0.0854294,0.0797639,-0.00569547,0.173865,0.0675076,0.146194,0.127685,-0.00687761,0.0541754,0.0438687,-0.0037611,0.0268004,-0.00324206,-0.07006,4.30142e-06,-0.00122482,0.106388,0.116067,0.0212472,0.121004,0.146953,0.0372723,-34531.2
-34188.2,0.67991,0.462414,3,7,0,34203.2,0.0104244,0.979925,0.169218,-0.063175,0.225377,0.116734,0.280762,0.192357,0.0283113,0.0274518,0.226209,0.13095,-0.0707431,0.0838472,0.0505713,-0.0129377,0.156206,0.086666,0.138832,0.1534,-0.00797628,0.0765835,0.0815115,-0.00522713,0.0323117,0.0432498,-0.0820872,-0.0203642,-0.0165866,0.186575,0.104319,-0.00234043,0.140212,0.0686296,0.0621229,-34531.8
-34183.7,0.972801,0.462414,3,7,0,34203.7,-0.0030855,0.977579,0.198262,-0.0636889,0.246212,0.105564,0.285401,0.166854,0.00929493,0.0173026,0.208695,0.141592,-0.0622877,0.0904225,0.0944688,-0.00468143,0.164438,0.062493,0.153637,0.132111,-0.00987039,0.0574365,0.0592352,-0.00482362,0.0335219,-0.0063962,-0.070741,0.015243,-0.012124,0.0675811,0.0542996,0.0297639,0.134534,0.0921481,0.0448178,-34533.1
-34185.5,0.959494,0.462414,3,7,0,34198.7,0.00973116,0.980237,0.178874,-0.0541844,0.217465,0.127144,0.283747,0.204542,0.0228603,0.0371151,0.220689,0.136961,-0.0462976,0.0854454,0.0419143,-0.00859401,0.164376,0.0853527,0.121916,0.145518,-0.0238822,0.0427359,0.0653526,-0.00459665,0.0337433,0.0267442,-0.076983,-0.0312702,-0.0055305,0.179127,0.0866486,-0.0191301,0.125292,0.0699445,0.0444193,-34522.3
-34183.2,0.992446,0.462414,3,7,0,34198.8,-0.00394913,0.977043,0.191062,-0.0891267,0.240358,0.115412,0.298634,0.183021,0.0204511,0.0232883,0.185186,0.14281,-0.0509962,0.085231,0.0655673,-0.0189471,0.161209,0.0708784,0.141502,0.139694,-0.00309941,0.0615677,0.0734812,0.0043055,0.0304782,0.00852396,-0.0795883,-0.00430293,-0.0143353,0.0711541,0.0629142,0.00806523,0.119443,0.0789875,0.0673852,-34533.1
-34183.4,0.996377,0.462414,3,7,0,34195.6,0.0108295,0.980758,0.172944,-0.0449007,0.232854,0.11241,0.277379,0.178986,0.0228491,0.0286356,0.238306,0.142331,-0.0577008,0.0882578,0.073493,0.0157889,0.177873,0.0721928,0.145647,0.148586,-0.0155917,0.0465482,0.0675176,0.00161989,0.0207226,-0.000158342,-0.0740208,-0.0131193,-0.0082013,0.19923,0.127231,-0.00838315,0.148314,0.0831838,0.0566698,-34537.3
-34178.8,0.938021,0.462414,3,7,0,34197.7,-0.00347651,0.977233,0.171174,-0.0602962,0.215187,0.123192,0.268393,0.188754,0.0153657,0.0326246,0.197198,0.145504,-0.0650904,0.0942218,0.0735724,-0.00523027,0.183999,0.0762458,0.133403,0.143392,-0.00902032,0.0531784,0.0727303,-0.0054309,0.0308159,0.0067725,-0.0835323,-0.00491623,-0.00913382,0.0982289,0.0849854,0.00188242,0.0938277,0.0844065,0.0384519,-34502.1
-34187.9,0.575059,0.462414,3,7,0,34202.6,0.00847185,0.982097,0.18084,-0.0489897,0.228141,0.111982,0.277158,0.178992,0.0151124,0.0478747,0.200898,0.166431,-0.045485,0.0829057,0.0548253,-0.0179804,0.179171,0.0727279,0.138022,0.145072,0.00250024,0.0398303,0.0761434,-0.0148482,0.0446769,-0.0075599,-0.0730784,-0.026035,-0.012957,0.147416,0.0904054,0.00235596,0.0718377,0.0702825,0.0375725,-34503.6
-34184.2,0.887716,0.462414,3,7,0,34203.4,-0.00190996,0.977025,0.175557,-0.0734085,0.238054,0.121806,0.285783,0.187182,0.023653,0.00641488,0.221614,0.132949,-0.0515477,0.0931808,0.0795724,0.0122695,0.156745,0.0683024,0.143171,0.150726,-0.0328635,0.0426734,0.0575539,-0.0050099,0.0183424,0.0295419,-0.0763271,-0.00101899,-0.0189968,0.0977917,0.0896046,0.01516,0.207228,0.0962674,0.0788849,-34543.5
-34179.1,0.979619,0.462414,3,7,0,34196.9,0.00372185,0.976276,0.18574,-0.0657541,0.236708,0.113723,0.274947,0.182804,0.0177812,0.0203794,0.201432,0.125142,-0.0645174,0.0805393,0.0610016,0.0168485,0.150124,0.071854,0.148509,0.1483,-0.0221967,0.0637129,0.0582023,-0.0113833,0.021259,0.0316,-0.0748659,-0.00349002,-0.0221948,0.0681477,0.0894968,0.0126368,0.127686,0.0854866,0.0427951,-34502.7
-34179.3,0.923553,0.462414,3,7,0,34189.4,0.0031144,0.980268,0.184097,-0.0746212,0.242638,0.118736,0.291496,0.184204,0.00424626,0.0327136,0.215331,0.14809,-0.0467805,0.0931192,0.0685163,-0.0164171,0.190641,0.0835288,0.125159,0.14935,-0.00237988,0.052099,0.0614453,0.0116365,0.0276326,0.00782983,-0.0808307,-0.0222577,-0.0116979,0.17451,0.092362,-0.0160034,0.110825,0.0894664,0.0579185,-34557.5
-34179.7,0.947896,0.462414,3,7,0,34191.5,0.00126979,0.977138,0.169949,-0.0566245,0.241172,0.108337,0.282545,0.18079,0.0276729,0.0201427,0.196978,0.137022,-0.0563806,0.0630212,0.0901374,0.00184564,0.169502,0.0755425,0.157926,0.152371,-0.0220585,0.0483246,0.0775935,-0.00533909,0.0269271,0.0161789,-0.0726221,-0.0133709,-0.0187589,0.0768486,0.0511583,0.000657131,0.120825,0.0873469,0.0427091,-34509.6
-34185.8,0.556812,0.462414,3,7,0,34200.5,0.00379175,0.982005,0.18712,-0.0859574,0.247625,0.0902801,0.282282,0.181476,0.0192062,0.0293709,0.222744,0.155242,-0.049275,0.106791,0.0725703,-0.000909796,0.170814,0.0688935,0.115816,0.144063,-0.013348,0.0477936,0.0388638,0.0143715,0.0305351,0.00797866,-0.0601751,-0.0227172,-0.000696469,0.167105,0.108426,0.0101482,0.114007,0.0927197,0.0435308,-34532.1
-34176.7,0.959129,0.462414,3,7,0,34196.1,0.00238652,0.975833,0.1775,-0.059038,0.224604,0.120886,0.287933,0.17295,0.0133153,0.0251839,0.208187,0.149292,-0.0437101,0.0805442,0.0635157,0.0037974,0.175175,0.0613454,0.141795,0.136065,-0.0193729,0.0598863,0.056118,-0.0169694,0.0210198,0.00773244,-0.0687111,-0.0101349,-0.0239703,0.121859,0.0734245,-0.0133125,0.136891,0.0668767,0.0397737,-34511.3
-34182,0.777565,0.462414,3,7,0,34190.6,0.00610231,0.985477,0.175947,-0.0626516,0.246929,0.107991,0.287144,0.178007,0.0244933,0.0213682,0.21243,0.131048,-0.0568358,0.105585,0.082237,-0.00282384,0.183641,0.0737628,0.138259,0.162921,-0.00823534,0.0611548,0.0548879,0.0109343,0.0361342,0.00832527,-0.0656644,-0.0131568,-0.0357307,0.154846,0.0976539,0.00204604,0.104775,0.0819323,0.0523958,-34530
-34187.8,0.65818,0.462414,3,7,0,34206,0.00116747,0.975156,0.195751,-0.0552436,0.222244,0.117732,0.287252,0.192878,0.00618555,0.021034,0.198386,0.152108,-0.0550419,0.0969939,0.054256,-0.004276,0.156944,0.100407,0.163463,0.155669,-0.022104,0.039358,0.0398361,-0.0175878,0.0173928,0.0141107,-0.099331,0.00987745,-0.00626135,0.0483328,0.0980683,-0.00673496,0.215313,0.0816013,0.0362095,-34543.1
-34185.4,0.70628,0.462414,3,7,0,34212.1,0.0060367,0.981665,0.1675,-0.0631151,0.243697,0.114615,0.294801,0.174054,0.0271658,0.0387315,0.218828,0.144651,-0.0608687,0.0871393,0.0781806,0.007885,0.165308,0.0592782,0.127044,0.136157,-0.00545759,0.0589455,0.0683474,-0.014744,0.0227724,0.00902146,-0.0493982,-0.0033002,-0.015446,0.143364,0.0818922,0.0054561,0.106038,0.248292,0.0387622,-34526.2
-34186.1,0.66345,0.462414,3,7,0,34208.3,0.00358767,0.97631,0.196444,-0.058437,0.247053,0.111798,0.291592,0.190413,0.011664,0.029881,0.18758,0.1505,-0.0619611,0.097779,0.0689836,-0.0103701,0.161727,0.0663467,0.130804,0.145995,-0.017095,0.0492037,0.0712954,0.023753,0.0118188,0.0180107,-0.0742638,0.0110868,-0.00642018,0.216904,0.127921,0.0279345,0.189947,0.0626781,0.0486259,-34535.5
-34187.8,0.939077,0.462414,3,7,0,34206.8,-0.0005407,0.981424,0.182476,-0.0647016,0.229717,0.130699,0.278176,0.192922,0.011,0.0398956,0.220538,0.140331,-0.0395277,0.0839011,0.0637976,0.00324722,0.14226,0.0727505,0.123484,0.123137,-0.000300636,0.0361025,0.0636601,-0.00639799,0.0411833,0.0322548,-0.0712021,0.0122012,0.00768396,0.0379407,0.0421863,0.00622487,0.14009,0.0935094,0.0337217,-34513.5
-34182.2,0.97177,0.462414,3,7,0,34202.2,0.00702744,0.975659,0.1818,-0.0677997,0.246989,0.107533,0.284604,0.183055,0.0234076,0.032181,0.205242,0.134856,-0.0552829,0.0960715,0.0684809,-0.000665678,0.184508,0.06962,0.136512,0.15827,-0.0192978,0.0443492,0.0420862,0.00386602,0.00723122,-0.0126179,-0.068894,-0.000895254,-0.0248742,0.22456,0.103587,-0.000973787,0.114509,0.0608104,0.0327376,-34528.5
-34180.2,0.95393,0.462414,3,7,0,34194.3,-0.00310392,0.979276,0.179494,-0.0597673,0.228769,0.121118,0.290815,0.17708,0.012705,0.0244806,0.21174,0.146819,-0.0513918,0.0866481,0.0675126,-0.0187786,0.158606,0.0728565,0.147936,0.128291,-0.00859355,0.0568493,0.0628059,-0.00617541,0.0399663,0.0315982,-0.0736872,-0.00422286,-0.00170714,0.0300172,0.0721985,0.0153125,0.16782,0.151331,0.0360118,-34521.5
-34183.7,0.928493,0.462414,3,7,0,34194,0.00877168,0.977444,0.19671,-0.0614293,0.24062,0.0985103,0.276129,0.181165,0.0214108,0.0247423,0.202718,0.152153,-0.052349,0.0933565,0.0774688,-0.00618296,0.161137,0.0754181,0.154012,0.157875,-0.0151849,0.0449646,0.0401923,-0.00102989,0.0273041,-0.00727559,-0.0707103,0.00727775,-0.016624,0.212042,0.00982611,-0.00359075,0.1017,0.127057,0.038987,-34519.1
-34185.3,0.951309,0.462414,3,7,0,34197.6,0.0114669,0.976702,0.19682,-0.064227,0.251883,0.105445,0.278047,0.180083,0.0173404,0.0219441,0.201895,0.150773,-0.0544668,0.0948775,0.0842443,-0.0110352,0.154621,0.0714551,0.15274,0.161068,-0.0177027,0.0350142,0.0484114,0.00561674,0.0318079,-0.00368325,-0.0701943,0.00922105,-0.01976,0.208014,0.0185179,-0.000231066,0.12498,0.121191,0.0456909,-34535
-34186.8,0.848805,0.462414,3,7,0,34203.3,0.000156767,0.984711,0.172449,-0.0637368,0.224332,0.124251,0.29786,0.184634,0.0155465,0.0339934,0.209168,0.125969,-0.0559674,0.0761688,0.0506004,0.006027,0.177565,0.0805493,0.132349,0.132296,-0.000305112,0.0650231,0.0689945,-0.00844741,0.0354756,0.0283511,-0.0809222,-0.0176802,-0.00311302,0.0982153,0.125275,-0.00214356,0.149347,0.0568109,0.0491272,-34515.2
-34183.5,0.915188,0.462414,3,7,0,34200.4,-0.00176265,0.982074,0.19094,-0.0629014,0.236258,0.122983,0.306336,0.170724,0.016069,0.038074,0.213655,0.11761,-0.0487962,0.0801023,0.0638513,-0.00285404,0.175029,0.0801148,0.127986,0.125811,-0.0162334,0.0616092,0.0605909,0.00330285,0.0407562,0.0109597,-0.0722258,-0.0173548,-0.015453,0.0624623,0.0933294,0.0168882,0.130622,0.060193,0.0485108,-34531.7
-34188.5,0.919813,0.462414,3,7,0,34202.3,0.00799362,0.975035,0.17036,-0.0637024,0.251327,0.11346,0.281994,0.177421,0.0277184,-0.00125742,0.212712,0.139346,-0.0599282,0.0709151,0.0728593,-0.0178118,0.17252,0.0737859,0.165686,0.143793,-0.00170152,0.0450598,0.037683,0.0222531,0.0160903,0.0113637,-0.0794093,0.0130762,-0.00269119,0.211696,0.0636578,-0.012124,0.117385,0.0991595,0.0421681,-34526.8
-34185.5,1,0.462414,3,7,0,34203.4,0.00861927,0.973711,0.17706,-0.0648484,0.25571,0.114959,0.287447,0.169898,0.0322167,0.00460528,0.210706,0.149634,-0.0524712,0.0676865,0.0694447,0.00139412,0.159265,0.0724035,0.142883,0.131805,-0.00662389,0.0464877,0.0488068,0.00338833,0.0222389,0.00968503,-0.0948971,-0.000108856,0.000697003,0.0631985,0.0548941,0.0074405,0.0930713,0.0933712,0.0472319,-34533.7
-34184.5,1,0.462414,3,7,0,34196.1,-0.00248168,0.983787,0.18574,-0.0577362,0.241808,0.119948,0.297346,0.192054,0.00915568,0.0424031,0.207814,0.132457,-0.0737678,0.0904538,0.0637807,-0.0126639,0.173901,0.090199,0.152504,0.157537,-0.010546,0.0614466,0.0595415,0.0159576,0.0335278,0.0125673,-0.059663,-0.0116348,-0.0157623,0.242681,0.113381,0.0106756,0.173785,0.0712922,0.0344655,-34553.1
-34182.6,0.971341,0.462414,3,7,0,34199.5,0.00933735,0.975278,0.173409,-0.0607057,0.229462,0.103912,0.292198,0.178092,0.0325629,0.0273638,0.200696,0.15988,-0.037816,0.0862337,0.0837827,-0.00707639,0.161178,0.0604945,0.132571,0.148559,-0.0173815,0.0450741,0.0643844,-0.0157501,0.0301455,0.0217598,-0.0827474,0.0135341,-0.00758524,0.0918018,0.0929981,0.0074532,0.115138,0.113463,0.0471306,-34519.2
-34183.1,0.826019,0.462414,3,7,0,34200.6,0.00662903,0.973782,0.163151,-0.0604877,0.228101,0.110595,0.288478,0.18108,0.0276224,0.0157811,0.203706,0.152661,-0.039067,0.0891139,0.0769756,-0.0129713,0.164294,0.0610269,0.124298,0.152669,-0.0215056,0.0531869,0.0546994,-0.0101192,0.0315114,0.0231538,-0.0835284,0.0140252,-0.00838574,0.109004,0.104027,0.0245862,0.135216,0.11924,0.0591734,-34513
-34183.9,0.782447,0.462414,3,7,0,34205.9,0.00487659,0.983433,0.197144,-0.0665281,0.247852,0.125229,0.282402,0.17797,0.00373945,0.0385234,0.214602,0.128347,-0.064478,0.0908396,0.0572233,0.00820066,0.18001,0.0929864,0.161396,0.14438,-0.00991309,0.0474111,0.0497898,0.00468005,0.0226605,-0.00572316,-0.0616492,-0.0239158,-0.00504321,0.134774,0.0769803,0.00678634,0.106323,0.066348,0.05238,-34546.4
-34185.7,0.999531,0.462414,3,7,0,34199.6,0.000503452,0.974424,0.180542,-0.0517481,0.231196,0.114536,0.285636,0.174879,0.0106857,0.022877,0.188153,0.148048,-0.0448545,0.0959862,0.0758911,-0.0159186,0.178825,0.0961459,0.150625,0.154857,-0.00629712,0.0483458,0.0573049,0.0200796,0.0420023,0.0117672,-0.114451,-0.00155097,-0.0102804,0.133506,0.116511,0.012043,0.135927,0.087513,0.0447876,-34534.7
-34188.6,0.850248,0.462414,3,7,0,34205.4,0.00317514,0.980037,0.20124,-0.058999,0.243848,0.100295,0.284043,0.201397,0.0194857,0.0310956,0.214531,0.138835,-0.0611857,0.0733115,0.0664818,-0.0154502,0.173184,0.0920545,0.171,0.132154,-0.0156134,0.0380909,0.0861121,-0.00172059,0.0335683,0.0166366,-0.0830817,0.0216293,-0.0132282,0.132014,0.0709206,-0.00549341,0.137377,0.182772,0.0647113,-34550.9
-34188.5,0.959562,0.462414,3,7,0,34205,0.00105341,0.978537,0.165376,-0.0570146,0.255324,0.113352,0.282521,0.195319,0.0186117,0.0322127,0.208293,0.127457,-0.0538795,0.0699389,0.0797588,-0.0217076,0.180486,0.0857847,0.157968,0.155583,-0.0217912,0.0530932,0.0527269,-0.0126696,0.0351244,0.0124702,-0.073698,-0.00156863,-0.0320438,0.151404,0.0489251,-0.025668,0.0792002,0.201096,0.0752287,-34528
-34193.5,0.926741,0.462414,3,7,0,34207,-0.000160073,0.983028,0.161647,-0.0632436,0.242522,0.115591,0.280428,0.173152,0.0302383,0.0352572,0.201569,0.124829,-0.0586299,0.0761912,0.0776492,-0.002653,0.167945,0.0854098,0.143853,0.180321,-0.0321125,0.0665687,0.0679096,-0.00421546,0.0413114,0.0014322,-0.0740127,-0.000267364,-0.0239472,0.136124,0.0378004,-0.0200484,0.112343,0.268773,0.073397,-34509.5
-34190.3,0.977495,0.462414,3,7,0,34211.5,0.00766421,0.97509,0.175129,-0.0405416,0.23723,0.11454,0.296626,0.174363,0.0181615,0.0324928,0.195893,0.168688,-0.0723443,0.076836,0.0686321,-0.0238828,0.167564,0.0688645,0.12892,0.15119,-0.00568302,0.0598327,0.0559607,0.0165855,0.0284158,0.00247813,-0.0672482,0.0205959,-0.00349529,0.156103,0.0172393,-0.0176731,0.143884,0.0859055,0.0593943,-34530.2
-34187.1,0.936472,0.462414,3,7,0,34202.7,0.00163788,0.978616,0.190897,-0.078756,0.239253,0.114194,0.279643,0.185091,0.0144423,0.0196264,0.217948,0.107927,-0.0344995,0.0993675,0.0694084,0.0118068,0.17379,0.0840198,0.155448,0.147926,-0.0177546,0.0409054,0.0607339,-0.018186,0.0328677,0.0192413,-0.0869806,-0.0167832,-0.0155562,0.0939187,0.178801,0.0167778,0.12501,0.115206,0.0352408,-34539.7
-34187.6,0.892194,0.462414,3,7,0,34209.2,0.00536614,0.97989,0.175714,-0.044577,0.230471,0.11105,0.292329,0.179037,0.0224957,0.031922,0.191771,0.167362,-0.0816369,0.0919397,0.0674579,-0.025317,0.158019,0.0546872,0.139657,0.14571,-0.00908076,0.0647108,0.0514235,0.0157666,0.0367746,0.00848663,-0.0593052,-0.0017325,-0.0139838,0.161813,0.022344,-0.00224259,0.120327,0.0746191,0.0470507,-34505.3
-34180.1,0.862285,0.462414,3,7,0,34203.9,0.00706611,0.978289,0.177407,-0.0743723,0.238812,0.119865,0.293246,0.169313,0.0237988,0.0293989,0.204452,0.127383,-0.0515993,0.104475,0.061439,-0.00147206,0.180977,0.0662948,0.133025,0.138661,-0.026091,0.0461511,0.0480726,-0.00645407,0.0274397,0.00951744,-0.0868138,0.0055054,0.00154711,0.0640925,0.111489,0.0123801,0.138509,0.116559,0.0317013,-34524.8
-34182.2,0.947754,0.462414,3,7,0,34193.7,0.000330999,0.974883,0.190164,-0.0452453,0.238524,0.115662,0.280435,0.196322,0.0132498,0.0230783,0.212668,0.148515,-0.0617107,0.0755191,0.0711404,-0.0136991,0.150279,0.0794385,0.156128,0.154387,0.00493504,0.0581459,0.0654469,0.00456021,0.0378167,0.0205976,-0.0607419,-0.0112458,-0.0176329,0.218077,0.0874163,0.00128101,0.127056,0.071172,0.0533669,-34546.5
-34184.1,0.827113,0.462414,3,7,0,34201.4,0.00514957,0.972792,0.192949,-0.0530284,0.225774,0.117466,0.283461,0.208321,0.00179432,0.0406754,0.209954,0.135223,-0.0437244,0.0850817,0.0768918,-0.00551261,0.162289,0.07924,0.148037,0.139121,-0.00164259,0.0518751,0.0621274,-0.020781,0.0365501,0.00581517,-0.0722572,0.00455758,-0.0269921,0.129698,0.100724,0.00909988,0.125026,0.0717919,0.028241,-34542.2
-34184.9,0.971381,0.462414,3,7,0,34197.2,0.00315639,0.977011,0.196311,-0.0508785,0.232306,0.109866,0.277902,0.198976,-0.00195855,0.0294222,0.204278,0.14548,-0.0649008,0.0881606,0.0874039,0.00231441,0.161035,0.0778716,0.140766,0.141369,0.00263195,0.0496571,0.0669779,-0.0299111,0.0286861,-0.012708,-0.0653529,-0.000199586,-0.0144181,0.132325,0.109365,0.0126375,0.120516,0.0644016,0.0383076,-34528.9
-34183.3,0.857803,0.462414,3,7,0,34200.6,0.00141357,0.98056,0.186754,-0.0756343,0.2465,0.114354,0.294449,0.195524,0.0287273,0.0377269,0.21178,0.120745,-0.0418184,0.0836504,0.0689542,-0.00390906,0.180756,0.0662488,0.154814,0.157074,-0.0090531,0.0600818,0.0482999,-0.0025296,0.0225954,0.020841,-0.0819466,-0.0255957,-0.0261735,0.150697,0.0153833,-0.0116701,0.137351,0.114829,0.0522589,-34550
-34179.3,0.96324,0.462414,3,7,0,34194.7,0.00905145,0.976791,0.176001,-0.0715513,0.249989,0.111953,0.280405,0.181776,0.0298907,0.0361218,0.201599,0.138317,-0.0580954,0.0886414,0.0743601,0.0128585,0.166329,0.0683551,0.134209,0.139497,-0.0153215,0.0577175,0.0472701,0.00341433,0.024653,0.022493,-0.0840224,-0.0138348,-0.0072157,0.139921,0.0798407,0.013231,0.0730652,0.0916821,0.0566708,-34520.2
-34188,0.717673,0.462414,3,7,0,34199,0.00291656,0.978603,0.176654,-0.0698272,0.24847,0.1276,0.273606,0.166843,0.0139208,0.0440851,0.200521,0.159009,-0.0412827,0.0915096,0.0397677,0.0086619,0.168962,0.0723226,0.134684,0.151648,-0.00502554,0.0336493,0.0566699,-0.0135697,0.0293883,0.0041563,-0.0890407,-0.0202244,0.0121213,0.168979,0.0660042,-0.0278696,0.179285,0.0682212,0.0421835,-34525.2
-34189.7,0.868552,0.462414,3,7,0,34208.4,0.00422986,0.979262,0.185668,-0.0593262,0.228747,0.113608,0.290956,0.165761,0.0106665,0.0357209,0.214029,0.143289,-0.0500454,0.0908614,0.0808745,-0.0173229,0.162699,0.0669392,0.139184,0.156367,-0.0244003,0.042967,0.063613,0.035058,0.0289422,0.0132323,-0.0746177,0.00131882,-0.0402649,0.00819784,0.0960843,0.0477422,0.126312,0.112452,0.0607344,-34520.8
-34185.3,1,0.462414,3,7,0,34205.5,0.00526564,0.976599,0.184709,-0.0731969,0.232363,0.116647,0.293519,0.178531,0.0380998,0.0489358,0.187782,0.130759,-0.0326188,0.0930843,0.0674829,-0.00615913,0.163841,0.0794843,0.146418,0.146276,-0.0225075,0.0458372,0.0593822,0.00140872,0.0374578,0.00233808,-0.0906517,0.0251604,-0.00920971,0.164443,0.0899923,0.0224342,0.141516,0.0571797,0.0623376,-34520.1
-34184.3,0.929367,0.462414,3,7,0,34203.5,0.000839923,0.977719,0.173496,-0.053197,0.224062,0.10974,0.266467,0.18182,0.0321305,0.0457797,0.196715,0.138046,-0.0453558,0.0937591,0.0545061,-0.013065,0.165147,0.0574343,0.135497,0.161537,-0.00725804,0.0419775,0.0426105,-0.00304166,0.0359345,0.0136569,-0.0916372,0.0146189,-0.00259056,0.120133,0.0875316,0.0126417,0.0986286,0.0722045,0.0561874,-34475.3
-34181,0.956734,0.462414,3,7,0,34198.3,0.00359199,0.980463,0.187146,-0.0704845,0.246288,0.121214,0.304531,0.181505,0.00338772,0.0111452,0.212088,0.143301,-0.0585269,0.0875023,0.0802438,-0.00566618,0.170032,0.0943285,0.147328,0.132417,-0.0233733,0.0481541,0.0624617,-0.00652652,0.0291439,0.00636867,-0.0601457,-0.0233743,-0.0175851,0.138528,0.102218,0.0100744,0.131252,0.0914732,0.033658,-34561.2
-34179.4,0.921043,0.462414,3,7,0,34191.8,0.00291679,0.977654,0.192874,-0.0685742,0.231407,0.108551,0.280859,0.192576,0.026453,0.0164657,0.211571,0.149074,-0.0663901,0.0927345,0.071056,0.0039874,0.179399,0.0685802,0.151407,0.154225,-0.0098455,0.0688391,0.0490846,0.0120969,0.0222318,0.0129735,-0.0952195,0.00302832,-0.00950219,0.154523,0.113005,0.00475268,0.188938,0.0746906,0.0464706,-34551.7
-34181.5,0.866553,0.462414,3,7,0,34190.5,0.00521883,0.974827,0.17162,-0.0577466,0.248425,0.125252,0.289813,0.166044,0.0134995,0.0368302,0.208907,0.133548,-0.0443988,0.092727,0.0621163,-0.0128359,0.157203,0.0848649,0.135226,0.139484,-0.0117144,0.031908,0.0684366,-0.0149092,0.0357327,0.0126431,-0.0563752,-0.0130235,-0.00994477,0.131261,0.037411,0.00781084,0.0812547,0.0944715,0.0383809,-34527.1
-34192.3,0.581413,0.462414,3,7,0,34205.8,0.00248192,0.984853,0.195397,-0.0564333,0.225852,0.109022,0.282766,0.19588,0.0202989,0.0248172,0.207221,0.126372,-0.0730977,0.083227,0.0638655,-0.0142253,0.185653,0.0721497,0.140503,0.160171,-0.00110673,0.0777394,0.0586461,0.0156119,0.0355465,0.00676659,-0.108222,0.0145833,-0.0166495,0.135694,0.0271666,-0.00510062,0.189302,0.132384,0.073781,-34525
-34182.2,1,0.462414,3,7,0,34201.3,0.00498425,0.973837,0.177118,-0.0776855,0.23418,0.116549,0.295071,0.171369,0.0155576,0.0255587,0.205812,0.15132,-0.0699229,0.118157,0.0622455,-0.000151828,0.169024,0.0953977,0.141261,0.148938,-0.0226324,0.0626298,0.0580736,-0.00903021,0.0209762,0.0103126,-0.0622108,-0.0177948,-0.0170321,0.158444,0.102307,0.0162041,0.148486,0.0772545,0.0385662,-34562.9
-34187.3,0.832181,0.462414,3,7,0,34202.2,0.00253212,0.985495,0.179441,-0.0561818,0.234322,0.11087,0.277195,0.185832,0.0225378,0.0320266,0.213488,0.12304,-0.0438498,0.0665008,0.0656392,-0.0115186,0.175436,0.0775458,0.141613,0.154732,0.00227278,0.0478994,0.0517585,0.0270087,0.0418235,0.00825564,-0.108411,-0.0026755,-0.0158032,0.122415,0.0757149,-0.0136839,0.110329,0.0858635,0.0599161,-34495.5
-34186,0.999458,0.462414,3,7,0,34203.4,0.00228584,0.972301,0.18611,-0.0581786,0.239909,0.116194,0.295483,0.182034,0.0224095,0.0153789,0.194787,0.138137,-0.0572376,0.108886,0.0829904,-0.0280316,0.18571,0.0652922,0.145565,0.141314,-0.0182503,0.0501641,0.0621485,-0.0154248,0.0367569,0.00576183,-0.053798,-0.0227246,-0.0168331,0.130116,0.132795,0.0198086,0.106258,0.0917919,0.0363294,-34551.3
-34186.7,0.98384,0.462414,3,7,0,34199.5,0.00525694,0.984154,0.193323,-0.0677609,0.211777,0.104959,0.277296,0.18807,0.020343,0.0207402,0.216125,0.136305,-0.0520063,0.0865184,0.065963,0.015887,0.167155,0.0817306,0.140287,0.146028,-0.00673671,0.0575291,0.0629219,0.0134588,0.0242921,0.00575744,-0.08946,0.0109599,0.00366311,0.083359,0.00280118,-0.00671804,0.175194,0.0845751,0.0476299,-34505.2
-34184.7,1,0.462414,3,7,0,34201,-0.0011135,0.980328,0.20016,-0.0718056,0.217707,0.117818,0.256956,0.177156,0.0198166,0.0234154,0.207269,0.152023,-0.0618824,0.0872224,0.0573714,0.00378689,0.172046,0.0734059,0.147883,0.143137,0.00604612,0.0576143,0.0630217,0.0119497,0.0396487,0.0124167,-0.0929907,0.0104959,-0.00458251,0.102219,0.0623538,0.00768436,0.1388,0.0959222,0.0566963,-34508.2
-34189.7,0.743878,0.462414,3,7,0,34203.5,0.013744,0.977592,0.175818,-0.078322,0.248545,0.11472,0.285097,0.190481,0.0095789,0.0231287,0.208885,0.115148,-0.0498364,0.0968475,0.0783374,0.013417,0.189306,0.0720564,0.143459,0.151323,-0.0392536,0.056075,0.0572129,0.00503678,0.00835313,0.00472888,-0.066751,-0.00715089,-0.0185491,0.115331,0.0801889,0.0127912,0.111737,0.115628,0.0433333,-34538.5
-34189.3,1,0.462414,3,7,0,34207.6,-0.00697311,0.979264,0.187632,-0.0629902,0.227438,0.112457,0.290918,0.17113,0.0178809,0.0297922,0.212251,0.148255,-0.0538492,0.0930263,0.0624151,-0.0171565,0.158541,0.0787225,0.130693,0.145021,0.0271631,0.0507111,0.0555625,-0.0099002,0.044048,0.0265188,-0.0953235,0.0171624,-0.0098499,0.145484,0.0785698,0.0246101,0.137378,0.061714,0.0669215,-34534.2
-34180.6,0.928752,0.462414,3,7,0,34203.2,0.00425915,0.974615,0.171166,-0.0821342,0.231162,0.131411,0.30221,0.182266,0.0070568,0.0277649,0.201988,0.139392,-0.0582572,0.0850609,0.0639877,0.011186,0.175048,0.0709731,0.151006,0.13736,-0.00183147,0.0538305,0.0560707,-0.0120706,0.0206703,0.0105517,-0.0667491,0.0059607,0.00409746,0.127316,0.0923086,0.0221963,0.128534,0.0894753,0.0386083,-34554.8
-34184.3,0.867169,0.462414,3,7,0,34196.3,0.00382178,0.978995,0.198914,-0.0517043,0.226048,0.123418,0.279951,0.170758,0.0137245,0.0181607,0.205234,0.133444,-0.0702439,0.0997899,0.0575946,0.00462667,0.170196,0.0797528,0.13304,0.144964,-0.0271091,0.051643,0.0618297,-0.00119778,0.00966201,0.0127572,-0.0667786,0.00417448,0.0141687,0.195491,0.0307658,0.0267932,0.129477,0.100222,0.0628367,-34516.9
-34186.2,0.814754,0.462414,3,7,0,34205.6,0.00244389,0.978536,0.167422,-0.0711405,0.243395,0.103496,0.278165,0.191906,0.0178619,0.0358376,0.211184,0.145614,-0.0452656,0.0850903,0.0765234,-0.0224215,0.168401,0.0813117,0.153239,0.141104,0.00667473,0.0550158,0.0606886,0.00278521,0.0506206,0.00934757,-0.0894366,-0.00983641,-0.0270426,0.0748384,0.13329,-0.0434586,0.108893,0.0647962,0.0885932,-34522.5
-34188.4,0.750813,0.462414,3,7,0,34210.1,0.00520091,0.980004,0.187074,-0.0536815,0.226839,0.140696,0.29629,0.175867,0.00319993,0.0118869,0.215734,0.141029,-0.066008,0.101638,0.0533372,-0.00388654,0.162807,0.0898222,0.12741,0.149732,-0.0295586,0.0466614,0.0459215,-0.0354257,0.0148997,0.0100126,-0.0831224,-0.00597289,-0.00399333,0.199166,0.0661527,-0.00871464,0.149982,0.133147,0.0532084,-34547.8
-34184.3,1,0.462414,3,7,0,34202.3,0.00330733,0.978188,0.177543,-0.0542225,0.230039,0.1252,0.287236,0.18904,0.00717548,0.0219752,0.224295,0.146589,-0.0574705,0.0797861,0.0402205,0.000643539,0.152073,0.0762625,0.131104,0.134868,0.00248872,0.0660861,0.0441832,0.011623,0.0254242,0.0122685,-0.0933682,-0.00241754,-0.0175903,0.161065,0.106732,0.00131856,0.143839,0.0633177,0.0313942,-34524.7
-34185.1,0.919305,0.462414,3,7,0,34201.7,0.00546884,0.979924,0.17983,-0.0823357,0.231023,0.125637,0.296357,0.177378,0.0228201,0.0282793,0.202617,0.128216,-0.0554165,0.10694,0.0667817,-0.00181034,0.156901,0.0881977,0.141976,0.129058,-0.0249564,0.054214,0.0641445,0.00430488,0.0281773,0.0136579,-0.086437,0.0165108,0.0121472,0.0633155,0.0496427,0.00402061,0.11808,0.0838351,0.0934091,-34532.4
-34186.4,0.984051,0.462414,3,7,0,34201.8,0.00344573,0.977836,0.190571,-0.0585756,0.259884,0.112855,0.29607,0.164954,0.0288081,0.0197096,0.218681,0.146038,-0.0694371,0.0639109,0.0670672,-0.0299913,0.18023,0.0671497,0.14107,0.148192,-0.0198177,0.0607486,0.0721167,-0.00239121,0.0411994,0.0216823,-0.0740917,-0.00256702,-0.0190832,0.142863,0.00843576,0.0296832,0.221755,0.143925,0.0382876,-34563.2
-34188.4,0.739297,0.462414,3,7,0,34214,0.00320245,0.976976,0.174179,-0.0612957,0.228074,0.120862,0.300659,0.199798,0.00714757,0.0341648,0.188776,0.127744,-0.0474264,0.111527,0.0668556,0.0075646,0.164065,0.0700524,0.163554,0.164084,-0.011261,0.0430626,0.0434505,0.00473739,0.0177783,-0.00699207,-0.0772401,-0.00515629,-0.0163302,0.110337,0.139374,-0.0143787,0.0919782,0.0703402,0.084081,-34535.2
-34184.1,0.865333,0.462414,3,7,0,34205.9,0.00406038,0.978507,0.203129,-0.0619826,0.245126,0.112534,0.276255,0.165181,0.0250493,0.0264877,0.210738,0.135951,-0.0571898,0.082398,0.076198,-0.0293352,0.166874,0.0866366,0.122125,0.137491,-0.0141227,0.0592881,0.0521087,-0.0106718,0.0469923,0.032186,-0.0844635,-0.0163127,-0.00370118,0.149011,0.0310017,0.00209367,0.186442,0.0927801,0.0381783,-34521.7
-34181.6,0.90859,0.462414,3,7,0,34198.2,0.00338336,0.981196,0.172273,-0.0620685,0.237837,0.111269,0.285882,0.189343,0.0121965,0.0340199,0.213724,0.137352,-0.0610173,0.0913422,0.0655334,0.0198248,0.17535,0.0706418,0.154551,0.141998,-0.0110446,0.0470611,0.0554969,0.0157979,0.012207,-0.00522322,-0.0604564,0.0212584,-0.00553703,0.120407,0.131133,0.0171207,0.0900994,0.068871,0.0355325,-34522.8
-34185.2,0.567111,0.462414,3,7,0,34203.2,0.00707468,0.977422,0.176269,-0.0468714,0.252812,0.12841,0.281415,0.183267,0.0127096,0.0151723,0.210145,0.148388,-0.0478371,0.094242,0.0829961,-0.0103134,0.163613,0.0905099,0.146849,0.155612,-0.0121727,0.0508387,0.0687085,-0.0103219,0.0237066,0.0101877,-0.0917362,0.0153819,-0.023871,0.203363,0.117011,0.00750494,0.239061,0.127133,0.0704608,-34554
-34181,0.913153,0.462414,3,7,0,34202.1,0.00350242,0.980848,0.193028,-0.0817791,0.228647,0.108891,0.28943,0.167478,0.0259537,0.0389105,0.208104,0.133679,-0.0627253,0.090528,0.0665507,0.00332187,0.165149,0.0629302,0.137749,0.132214,-0.0154965,0.0450879,0.049686,0.00323288,0.0325452,0.0124847,-0.0645955,-0.0241008,0.00257117,0.0579921,0.0559263,0.0066471,0.106397,0.0756179,0.0274445,-34508.9
-34185.7,0.610658,0.462414,3,7,0,34203.2,0.00448421,0.972951,0.17438,-0.0424385,0.250786,0.123488,0.273222,0.196689,0.0104454,0.019639,0.206375,0.139537,-0.0400079,0.0944122,0.0697196,0.010988,0.165096,0.0841287,0.146125,0.153171,-0.00761452,0.0541645,0.0576495,-0.0134549,0.0217779,0.0139859,-0.0859759,0.00551181,-0.032392,0.239034,0.0801901,0.0101335,0.172411,0.101019,0.0590914,-34540.9
-34179.3,0.972566,0.462414,3,7,0,34200,0.00648859,0.977142,0.18486,-0.0803571,0.230086,0.115072,0.303217,0.167869,0.0218483,0.0364914,0.201051,0.138573,-0.0582595,0.0912695,0.0756058,-0.0175997,0.173162,0.0591755,0.14385,0.129703,-0.0157558,0.0502541,0.0548849,0.00810912,0.0402754,0.0106025,-0.0664476,-0.0113033,0.00667775,0.0747962,0.0900784,0.00957358,0.104093,0.0697307,0.0372158,-34531.8
-34186.6,0.769087,0.462414,3,7,0,34197.2,-0.00446386,0.979133,0.196041,-0.0901912,0.236015,0.128245,0.294014,0.182965,0.0224726,0.0398249,0.203456,0.140657,-0.0461605,0.0856574,0.0725396,-0.0266885,0.162526,0.0570861,0.140833,0.13155,-0.00828315,0.0383538,0.0713847,0.0132955,0.0354154,-0.00594087,-0.0702824,-0.0103013,-0.00582704,0.0882076,0.0964235,-0.00659972,0.156797,0.0572142,0.0424635,-34539.3
-34190,0.916832,0.462414,3,7,0,34203.4,-0.00436803,0.982261,0.171771,-0.0382443,0.246211,0.100303,0.276911,0.172543,0.00793415,0.00923598,0.210914,0.140618,-0.0691185,0.104431,0.0628335,0.0157484,0.174131,0.0931711,0.144057,0.156688,-0.0193308,0.0626514,0.054663,-0.0153922,0.0219973,0.0315489,-0.0833986,0.00463817,-0.0142246,0.22705,0.0617419,-0.00305343,0.13296,0.11077,0.0507429,-34517.9
-34187.9,0.952668,0.462414,3,7,0,34207.7,0.00406705,0.977884,0.194878,-0.0841436,0.228693,0.130563,0.292105,0.187813,0.0263286,0.0520111,0.208578,0.14051,-0.0383446,0.0732464,0.0697556,-0.0311784,0.158601,0.0570548,0.147327,0.141993,-0.00843841,0.0444135,0.0581127,0.00906512,0.0302123,-0.00975588,-0.0667543,-0.0105413,-0.00101711,0.0495458,0.101283,0.0207511,0.146168,0.0680822,0.0422125,-34535.4
-34191.7,0.938892,0.462414,3,7,0,34208.6,0.00205355,0.980698,0.190565,-0.0672012,0.245381,0.112433,0.291433,0.177473,0.0245298,0.00141301,0.19013,0.133996,-0.0545276,0.0968669,0.0621071,0.00845443,0.183068,0.092458,0.11308,0.167759,-0.030287,0.0491241,0.0589366,0.0153957,0.0292433,0.0296827,-0.0883395,-0.0152879,-0.0157905,0.181449,0.0569662,0.026114,0.143037,0.0839724,0.0865183,-34536
-34183.1,0.944763,0.462414,3,7,0,34204.4,0.00283196,0.980534,0.180679,-0.0514819,0.254614,0.127285,0.297062,0.16925,0.00781226,0.0422319,0.200414,0.15104,-0.0471663,0.100429,0.0670497,-0.0115223,0.159007,0.0907224,0.133221,0.153013,-0.0108127,0.0356315,0.0446502,-0.00963279,0.0293023,0.0249032,-0.0830135,-0.00301821,-0.0162676,0.0671819,0.0931224,0.0267983,0.0913661,0.0622284,0.0467398,-34543.2
-34180.3,0.644201,0.462414,3,7,0,34202.8,-0.00161331,0.980875,0.179995,-0.0504252,0.244448,0.112665,0.285266,0.165878,0.0193438,0.0211859,0.219746,0.140853,-0.0600458,0.0822031,0.0907851,-0.00686232,0.168205,0.0694799,0.129875,0.14224,-0.0113396,0.0366171,0.0642502,-0.00883301,0.0328682,0.0278694,-0.0763835,0.00636466,-0.0262921,0.117262,0.0755466,0.0160619,0.0914195,0.0735036,0.0315505,-34521.1
-34184.7,0.946945,0.462414,3,7,0,34194.2,0.00814478,0.976352,0.173966,-0.0735443,0.2316,0.108365,0.281792,0.189517,0.023479,0.0288388,0.211873,0.143193,-0.0560769,0.0987787,0.0500826,1.33149e-05,0.193685,0.0716056,0.155194,0.139173,-0.0139099,0.0753816,0.0493101,0.0131997,0.0240228,-0.00992927,-0.0704276,-0.0177044,0.00618526,0.151168,0.0759335,-0.00182997,0.153464,0.103053,0.0636797,-34536.7
-34179.4,0.929513,0.462414,3,7,0,34200,0.000623557,0.980886,0.186749,-0.0563181,0.249668,0.11868,0.285957,0.169128,0.0113215,0.0244726,0.211896,0.143937,-0.0504054,0.089089,0.0876233,-0.0122085,0.150231,0.078675,0.131589,0.147391,-0.0136968,0.0298243,0.0587929,-0.0176491,0.0259903,0.0277906,-0.0731041,0.0127893,-0.0165121,0.106852,0.0906701,0.00561958,0.116283,0.0592793,0.0338461,-34524
-34186.2,0.569454,0.462414,3,7,0,34199.1,0.0107038,0.975925,0.178149,-0.0578059,0.24236,0.125643,0.283904,0.162401,0.0193465,0.0228178,0.212382,0.133253,-0.0548953,0.0905204,0.0728141,-0.0047553,0.150729,0.0619505,0.142191,0.142756,-0.0263401,0.0183678,0.0603551,-0.00853341,0.041017,0.0199815,-0.0832548,-0.00790947,0.000441841,0.181279,0.0451112,0.00991229,0.112009,0.0608021,0.0335899,-34522.6
-34185.7,0.671227,0.462414,3,7,0,34206,0.00750373,0.977907,0.18856,-0.0584271,0.240928,0.112618,0.281579,0.168959,0.0184017,0.029522,0.223792,0.142848,-0.0474436,0.0986142,0.0710052,-0.00304559,0.15806,0.0537896,0.143527,0.135975,-0.0144961,0.0459639,0.0459834,-0.00443529,0.0477967,-0.0042203,-0.0940733,-0.00471603,-0.00501616,0.229241,0.06576,0.0340831,0.115228,0.101917,0.0475232,-34531.2
-34185.1,0.922979,0.462414,3,7,0,34207.2,0.00680646,0.97866,0.184815,-0.0615435,0.245045,0.117527,0.2899,0.160107,0.0169761,0.0315689,0.217399,0.136664,-0.0559846,0.0937305,0.054651,-0.00476537,0.152119,0.0505791,0.150982,0.143661,-0.0234325,0.0472112,0.0427169,-0.00375343,0.0484213,0.00993869,-0.0898638,-0.0140497,-0.00896267,0.204503,0.0785607,0.0317256,0.112002,0.0923196,0.0446787,-34528.4
-34185.7,0.994586,0.462414,3,7,0,34196.7,0.00075748,0.98021,0.188657,-0.0582168,0.235075,0.111712,0.287637,0.199125,0.0164648,0.018782,0.197773,0.144823,-0.0644749,0.0839076,0.0824134,-0.0136959,0.16585,0.104574,0.145012,0.153951,-0.00409762,0.0656842,0.0629636,-0.000999766,0.0142842,0.0211069,-0.0658988,0.00664453,-0.0165866,0.0541455,0.0890247,-0.02535,0.160455,0.0704939,0.050271,-34534.7
-34183.4,0.990866,0.462414,3,7,0,34196.3,0.00695055,0.977816,0.175531,-0.0722069,0.232643,0.112922,0.29232,0.17302,0.00450012,0.0205183,0.21163,0.136888,-0.0674349,0.11912,0.0574975,-9.37318e-05,0.157585,0.0697754,0.140697,0.148956,-0.0217009,0.0493082,0.0489832,-0.0255268,0.0356585,-0.00141482,-0.0973799,0.000618056,-0.00927418,0.161989,0.0911493,-0.0191403,0.119794,0.0937408,0.0689027,-34535.6
-34182.8,0.770914,0.462414,3,7,0,34203.2,0.00585995,0.979765,0.183252,-0.0739322,0.236422,0.115678,0.291774,0.173131,0.00837352,0.0338937,0.209535,0.1527,-0.028541,0.0823141,0.0634041,-0.026804,0.181139,0.0653569,0.140584,0.123665,-0.00390053,0.0407537,0.0498379,-0.0106795,0.0386646,0.0101764,-0.0616524,-0.00114336,-0.0180389,0.175458,0.0587433,0.00490478,0.183071,0.0620251,0.0324273,-34513.6
-34179.6,0.899356,0.462414,3,7,0,34200.5,0.00387648,0.976586,0.18552,-0.0575529,0.242212,0.114105,0.280579,0.186582,0.0270628,0.0247563,0.205924,0.126051,-0.0636619,0.0958858,0.0729281,0.0132207,0.158533,0.0839636,0.145278,0.163724,-0.01664,0.0395385,0.0653939,0.00198796,0.010608,0.0114038,-0.0893928,-0.00978404,-0.003204,0.0816396,0.116771,0.00826556,0.102234,0.0824955,0.0474254,-34537.5
-34184.5,0.905928,0.462414,3,7,0,34196.3,0.00363303,0.980624,0.185237,-0.0684908,0.244206,0.120696,0.286971,0.184862,0.00427682,0.0241486,0.203767,0.160498,-0.0616797,0.0843299,0.054995,-0.0158838,0.180612,0.0831782,0.149705,0.140396,-0.0114863,0.0801724,0.0427585,-0.00507553,0.0455634,0.00612547,-0.0730488,0.0239473,-0.0177427,0.174986,0.0708868,0.0107898,0.215988,0.0886573,0.0436723,-34545.2
-34188.3,0.875161,0.462414,3,7,0,34203.3,0.0020926,0.977626,0.189958,-0.0825212,0.227063,0.114692,0.304105,0.178417,0.0237677,0.0375216,0.217592,0.124826,-0.0662322,0.0842827,0.0706843,-0.00241915,0.160268,0.0636337,0.147602,0.154737,-0.0310664,0.0613718,0.0465717,-0.0116846,0.0236665,0.00933777,-0.0759182,0.0129965,-0.0140701,0.271193,0.100527,0.0273216,0.246242,0.0518427,0.0435288,-34550.5
-34184,0.946832,0.462414,3,7,0,34198.9,0.00469534,0.97944,0.181234,-0.052308,0.244746,0.117624,0.266381,0.189099,0.0140036,0.0296822,0.214073,0.148667,-0.0372211,0.102153,0.0625308,-0.00166153,0.174403,0.0787146,0.13291,0.130762,0.00487469,0.0358397,0.0687773,0.00626689,0.033674,0.0158562,-0.0683758,-0.016416,-0.0154108,0.164411,0.0549635,-0.0226741,0.136146,0.137609,0.043947,-34516.6
-34184.8,0.935281,0.462414,3,7,0,34197.8,0.00214315,0.977146,0.184984,-0.0858015,0.231285,0.11821,0.301761,0.17233,0.0212966,0.0279057,0.211676,0.136308,-0.05582,0.0890589,0.0739162,-0.00484743,0.160689,0.0696709,0.139837,0.146857,-0.0290739,0.0602393,0.0349218,0.00655043,0.0250122,0.00236132,-0.07409,0.0247468,0.00366394,0.126041,0.0992377,0.02687,0.111764,0.0466667,0.0395044,-34543.1
# 
#  Elapsed Time: 227.956 seconds (Warm-up)
#                110.467 seconds (Sampling)
#                338.423 seconds (Total)
# 
